INT	INT	INT	INT	INT	STRING	INT	STRING	STRING	INT	INT	INT	INT	INT	INT	INT	INT	INT	INT	INT	INT	INT	INT	INT	INT	INT	INT	INT	INT	INT	INT	INT	INT	INT	INT	INT	INT	INT	INT	INT	INT	INT	INT	INT	INT	INT	INT	INT	INT	INT	INT	INT	INT	INT	INT	INT	INT	INT	INT	INT	INT	INT	INT	INT	INT	INT	INT	INT	INT	INT	INT	INT	INT	INT	INT	STRING	STRING	INT	INT	INT
INT	INT	INT	INT	INT	STRING	INT	STRING	STRING	INT	INT	INT	INT	INT	INT	INT	INT	INT	INT	INT	INT	INT	INT	INT	INT	INT	INT	INT	INT	INT	INT	INT	INT	INT	INT	INT	INT	INT	INT	INT	INT	INT	INT	INT	INT	INT	INT	INT	INT	INT	INT	INT	INT	INT	INT	INT	INT	INT	INT	INT	INT	INT	INT	INT	INT	INT	INT	INT	INT	INT	INT	INT	INT	INT	INT	STRING	STRING	INT	INT	INT
50101001	5	1	1	1	Gem1_2_4	1	MiÍu Nh„n Th’ch (C§p 1)		100000	1000	-1	-1	-1	-1	-1	-1	-1	-1	-1	-1	-1	-1	-1	-1	-1	-1	-1	-1	-1	-1	-1	-1	-1	-1	-1	-1	127	-1	-1	-1	-1	-1	-1	-1	-1	-1	-1	-1	-1	-1	-1	-1	-1	-1	-1	-1	-1	-1	-1	-1	-1	-1	-1	-1	-1	-1	-1	-1	-1	-1	-1	-1	-1	-1	FFFFFF09	B‰o Th’ch Hy V˜ng		2004	1
50101002	5	1	1	2	Gem1_1_1	1	H± Nh„n Th’ch (C§p 1)		100000	1000	-1	-1	-1	-1	-1	-1	-1	-1	-1	-1	-1	-1	-1	-1	-1	-1	-1	-1	-1	127	-1	-1	-1	-1	-1	-1	-1	-1	-1	-1	-1	-1	-1	-1	-1	-1	-1	-1	-1	-1	-1	-1	-1	-1	-1	-1	-1	-1	-1	-1	-1	-1	-1	-1	-1	-1	-1	-1	-1	-1	-1	-1	-1	-1	FFFFFF0B	B‰o Th’ch Hy V˜ng		2004	1
50102001	5	1	2	1	Gem1_1_3	1	Ho‡ng Tinh Th’ch (C§p 1)		100000	1000	-1	-1	-1	-1	-1	-1	-1	-1	-1	-1	-1	-1	10	-1	-1	-1	-1	-1	-1	-1	-1	-1	-1	-1	-1	-1	-1	-1	-1	-1	-1	-1	-1	-1	-1	-1	-1	-1	-1	-1	-1	-1	-1	-1	-1	-1	-1	-1	-1	-1	-1	-1	-1	-1	-1	-1	-1	-1	-1	-1	-1	-1	-1	-1	FFFFFF0B	B‰o Th’ch TrÌ TuÆ		2004	1
50102002	5	1	2	2	Gem1_1_4	1	Lam Tinh Th’ch (C§p 1)		100000	1000	-1	-1	-1	-1	-1	-1	10	-1	-1	-1	-1	-1	-1	-1	-1	-1	-1	-1	-1	-1	-1	-1	-1	-1	-1	-1	-1	-1	-1	-1	-1	-1	-1	-1	-1	-1	-1	-1	-1	-1	-1	-1	-1	-1	-1	-1	-1	-1	-1	-1	-1	-1	-1	-1	-1	-1	-1	-1	-1	-1	-1	-1	-1	-1	FFFFFF0B	B‰o Th’ch TrÌ TuÆ		2004	1
50102003	5	1	2	3	Gem1_1_5	1	H∞ng Tinh Th’ch (C§p 1)		100000	1000	-1	-1	-1	-1	-1	-1	-1	-1	-1	10	-1	-1	-1	-1	-1	-1	-1	-1	-1	-1	-1	-1	-1	-1	-1	-1	-1	-1	-1	-1	-1	-1	-1	-1	-1	-1	-1	-1	-1	-1	-1	-1	-1	-1	-1	-1	-1	-1	-1	-1	-1	-1	-1	-1	-1	-1	-1	-1	-1	-1	-1	-1	-1	-1	FFFFFF0B	B‰o Th’ch TrÌ TuÆ		2004	1
50102004	5	1	2	4	Gem1_1_6	1	L¯c Tinh Th’ch (C§p 1)		100000	1000	-1	-1	-1	-1	-1	-1	-1	-1	-1	-1	-1	-1	-1	-1	-1	10	-1	-1	-1	-1	-1	-1	-1	-1	-1	-1	-1	-1	-1	-1	-1	-1	-1	-1	-1	-1	-1	-1	-1	-1	-1	-1	-1	-1	-1	-1	-1	-1	-1	-1	-1	-1	-1	-1	-1	-1	-1	-1	-1	-1	-1	-1	-1	-1	FFFFFF0B	B‰o Th’ch TrÌ TuÆ		2004	1
50102005	5	1	2	5	Gem1_2_5	1	Thu•n T∏nh Ho‡ng Tinh Th’ch (C§p 1)		300000	2000	-1	-1	-1	-1	-1	-1	-1	-1	-1	-1	-1	-1	12	-1	-1	-1	-1	-1	-1	-1	-1	-1	-1	-1	-1	-1	-1	-1	-1	-1	-1	-1	-1	-1	-1	-1	-1	-1	-1	-1	-1	-1	-1	-1	-1	-1	-1	-1	-1	-1	-1	-1	-1	-1	-1	-1	-1	-1	-1	-1	-1	-1	-1	-1	FFFFFF0B	B‰o Th’ch TrÌ TuÆ		2004	1
50102006	5	1	2	6	Gem1_2_9	1	Thu•n T∏nh Lam Tinh Th’ch (C§p 1)		300000	2000	-1	-1	-1	-1	-1	-1	12	-1	-1	-1	-1	-1	-1	-1	-1	-1	-1	-1	-1	-1	-1	-1	-1	-1	-1	-1	-1	-1	-1	-1	-1	-1	-1	-1	-1	-1	-1	-1	-1	-1	-1	-1	-1	-1	-1	-1	-1	-1	-1	-1	-1	-1	-1	-1	-1	-1	-1	-1	-1	-1	-1	-1	-1	-1	FFFFFF0B	B‰o Th’ch TrÌ TuÆ		2004	1
50102007	5	1	2	7	Gem1_2_13	1	Thu•n T∏nh H∞ng Tinh Th’ch (C§p 1)		300000	2000	-1	-1	-1	-1	-1	-1	-1	-1	-1	12	-1	-1	-1	-1	-1	-1	-1	-1	-1	-1	-1	-1	-1	-1	-1	-1	-1	-1	-1	-1	-1	-1	-1	-1	-1	-1	-1	-1	-1	-1	-1	-1	-1	-1	-1	-1	-1	-1	-1	-1	-1	-1	-1	-1	-1	-1	-1	-1	-1	-1	-1	-1	-1	-1	FFFFFF0B	B‰o Th’ch TrÌ TuÆ		2004	1
50102008	5	1	2	8	Gem1_2_6	1	Thu•n T∏nh L¯c Tinh Th’ch (C§p 1)		300000	2000	-1	-1	-1	-1	-1	-1	-1	-1	-1	-1	-1	-1	-1	-1	-1	12	-1	-1	-1	-1	-1	-1	-1	-1	-1	-1	-1	-1	-1	-1	-1	-1	-1	-1	-1	-1	-1	-1	-1	-1	-1	-1	-1	-1	-1	-1	-1	-1	-1	-1	-1	-1	-1	-1	-1	-1	-1	-1	-1	-1	-1	-1	-1	-1	FFFFFF0B	B‰o Th’ch TrÌ TuÆ		2004	1
50103001	5	1	3	1	Gem1_1_2	1	Tÿ Ng˜c (C§p 1)		100000	1000	-1	-1	-1	-1	-1	-1	-1	-1	-1	-1	-1	-1	-1	-1	-1	-1	-1	-1	-1	-1	-1	-1	-1	-1	-1	-1	-1	-1	-1	-1	-1	-1	-1	-1	-1	142	-1	-1	-1	-1	-1	-1	-1	-1	-1	-1	-1	-1	-1	-1	-1	-1	-1	-1	-1	-1	-1	-1	-1	-1	-1	-1	-1	-1	FFFFFF0B	B‰o Th’ch Huy´n Vi		2004	1
50104002	5	1	4	2	Gem1_1_8	1	Bi™n Th’ch (C§p 1)		100000	1000	-1	-1	-1	-1	-1	-1	-1	-1	-1	-1	-1	-1	-1	-1	-1	-1	-1	-1	-1	-1	-1	-1	-1	-1	-1	-1	-1	-1	-1	-1	-1	-1	-1	-1	-1	-1	-1	1	-1	-1	-1	-1	-1	-1	-1	-1	-1	-1	-1	-1	-1	-1	-1	-1	-1	-1	-1	-1	-1	-1	-1	-1	-1	-1	FFFFFF0B	B‰o Th’ch ƒo Minh		2004	1
50111001	5	1	11	1	Gem1_1_9	1	Th’ch LÒu Th’ch (C§p 1)		100000	1000	-1	-1	-1	-1	-1	-1	-1	-1	-1	-1	-1	-1	-1	-1	-1	-1	-1	-1	-1	-1	-1	-1	-1	-1	-1	-1	-1	-1	-1	127	-1	-1	-1	-1	-1	-1	-1	-1	-1	-1	-1	-1	-1	-1	-1	-1	-1	-1	-1	-1	-1	-1	-1	-1	-1	-1	-1	-1	-1	-1	-1	-1	-1	-1	FFFFFF0B	B‰o Th’ch Sinh MÆnh		2004	1
50111002	5	1	11	2	Gem1_1_12	1	TiÍm Tinh Th’ch (C§p 1)		100000	1000	-1	-1	-1	-1	-1	-1	-1	-1	-1	-1	-1	-1	-1	-1	-1	-1	-1	-1	-1	-1	-1	-1	127	-1	-1	-1	-1	-1	-1	-1	-1	-1	-1	-1	-1	-1	-1	-1	-1	-1	-1	-1	-1	-1	-1	-1	-1	-1	-1	-1	-1	-1	-1	-1	-1	-1	-1	-1	-1	-1	-1	-1	-1	-1	FFFFFF0B	B‰o Th’ch Sinh MÆnh		2004	1
50112001	5	1	12	1	Gem1_1_11	1	Ho‡ng Ng˜c (C§p 1)		100000	1000	-1	-1	-1	-1	-1	-1	-1	-1	-1	-1	-1	-1	-1	4	-1	-1	-1	-1	-1	-1	-1	-1	-1	-1	-1	-1	-1	-1	-1	-1	-1	-1	-1	-1	-1	-1	-1	-1	-1	-1	-1	-1	-1	-1	-1	-1	-1	-1	-1	-1	-1	-1	-1	-1	-1	-1	-1	-1	-1	-1	-1	-1	-1	-1	FFFFFF0B	B‰o Th’ch M∏ LÒc		2004	1
50112002	5	1	12	2	Gem1_1_10	1	H’o Th’ch (C§p 1)		100000	1000	-1	-1	-1	-1	-1	-1	-1	4	-1	-1	-1	-1	-1	-1	-1	-1	-1	-1	-1	-1	-1	-1	-1	-1	-1	-1	-1	-1	-1	-1	-1	-1	-1	-1	-1	-1	-1	-1	-1	-1	-1	-1	-1	-1	-1	-1	-1	-1	-1	-1	-1	-1	-1	-1	-1	-1	-1	-1	-1	-1	-1	-1	-1	-1	FFFFFF0B	B‰o Th’ch M∏ LÒc		2004	1
50112003	5	1	12	3	Gem1_1_13	1	NguyÆt Quang Th’ch (C§p 1)		100000	1000	-1	-1	-1	-1	-1	-1	-1	-1	-1	-1	4	-1	-1	-1	-1	-1	-1	-1	-1	-1	-1	-1	-1	-1	-1	-1	-1	-1	-1	-1	-1	-1	-1	-1	-1	-1	-1	-1	-1	-1	-1	-1	-1	-1	-1	-1	-1	-1	-1	-1	-1	-1	-1	-1	-1	-1	-1	-1	-1	-1	-1	-1	-1	-1	FFFFFF0B	B‰o Th’ch M∏ LÒc		2004	1
50112004	5	1	12	4	Gem1_2_1	1	BÌch T÷ (C§p 1)		100000	1000	-1	-1	-1	-1	-1	-1	-1	-1	-1	-1	-1	-1	-1	-1	-1	-1	4	-1	-1	-1	-1	-1	-1	-1	-1	-1	-1	-1	-1	-1	-1	-1	-1	-1	-1	-1	-1	-1	-1	-1	-1	-1	-1	-1	-1	-1	-1	-1	-1	-1	-1	-1	-1	-1	-1	-1	-1	-1	-1	-1	-1	-1	-1	-1	FFFFFF0B	B‰o Th’ch M∏ LÒc		2004	1
50112005	5	1	12	5	Gem1_2_10	1	Thu•n T∏nh Ho‡ng Ng˜c (C§p 1)		300000	2000	-1	-1	-1	-1	-1	-1	-1	-1	-1	-1	-1	-1	-1	5	-1	-1	-1	-1	-1	-1	-1	-1	-1	-1	-1	-1	-1	-1	-1	-1	-1	-1	-1	-1	-1	-1	-1	-1	-1	-1	-1	-1	-1	-1	-1	-1	-1	-1	-1	-1	-1	-1	-1	-1	-1	-1	-1	-1	-1	-1	-1	-1	-1	-1	FFFFFF0B	B‰o Th’ch M∏ LÒc		2004	1
50112006	5	1	12	6	Gem1_2_14	1	Thu•n T∏nh H’o Th’ch (C§p 1)		300000	2000	-1	-1	-1	-1	-1	-1	-1	5	-1	-1	-1	-1	-1	-1	-1	-1	-1	-1	-1	-1	-1	-1	-1	-1	-1	-1	-1	-1	-1	-1	-1	-1	-1	-1	-1	-1	-1	-1	-1	-1	-1	-1	-1	-1	-1	-1	-1	-1	-1	-1	-1	-1	-1	-1	-1	-1	-1	-1	-1	-1	-1	-1	-1	-1	FFFFFF0B	B‰o Th’ch M∏ LÒc		2004	1
50112007	5	1	12	7	Gem1_2_11	1	Thu•n T∏nh D’ Quang Th’ch (C§p 1)		300000	2000	-1	-1	-1	-1	-1	-1	-1	-1	-1	-1	5	-1	-1	-1	-1	-1	-1	-1	-1	-1	-1	-1	-1	-1	-1	-1	-1	-1	-1	-1	-1	-1	-1	-1	-1	-1	-1	-1	-1	-1	-1	-1	-1	-1	-1	-1	-1	-1	-1	-1	-1	-1	-1	-1	-1	-1	-1	-1	-1	-1	-1	-1	-1	-1	FFFFFF0B	B‰o Th’ch M∏ LÒc		2004	1
50112008	5	1	12	8	Gem1_2_15	1	Thu•n T∏nh BÌch T÷ (C§p 1)		300000	2000	-1	-1	-1	-1	-1	-1	-1	-1	-1	-1	-1	-1	-1	-1	-1	-1	5	-1	-1	-1	-1	-1	-1	-1	-1	-1	-1	-1	-1	-1	-1	-1	-1	-1	-1	-1	-1	-1	-1	-1	-1	-1	-1	-1	-1	-1	-1	-1	-1	-1	-1	-1	-1	-1	-1	-1	-1	-1	-1	-1	-1	-1	-1	-1	FFFFFF0B	B‰o Th’ch M∏ LÒc		2004	1
50113001	5	1	13	1	Gem1_1_15	1	Ho‡ng B‰o Th’ch (C§p 1)		100000	1000	-1	-1	-1	-1	-1	-1	-1	-1	-1	-1	-1	-1	-1	-1	-1	-1	-1	-1	-1	-1	-1	-1	-1	-1	-1	-1	-1	-1	-1	-1	-1	-1	-1	-1	-1	-1	-1	-1	-1	-1	-1	-1	13	-1	-1	-1	-1	-1	-1	-1	-1	-1	-1	-1	-1	-1	-1	-1	-1	-1	-1	-1	-1	-1	FFFFFF0B	B‰o Th’ch Vßn MÆnh		2004	1
50113002	5	1	13	2	Gem1_1_16	1	Lam B‰o Th’ch (C§p 1)		100000	1000	-1	-1	-1	-1	-1	-1	-1	-1	-1	-1	-1	-1	-1	-1	-1	-1	-1	-1	-1	-1	-1	-1	-1	-1	-1	-1	-1	-1	-1	-1	-1	-1	-1	-1	-1	-1	-1	-1	-1	-1	-1	-1	-1	13	-1	-1	-1	-1	-1	-1	-1	-1	-1	-1	-1	-1	-1	-1	-1	-1	-1	-1	-1	-1	FFFFFF0B	B‰o Th’ch Vßn MÆnh		2004	1
50113003	5	1	13	3	Gem1_1_7	1	L¯c B‰o Th’ch (C§p 1)		100000	1000	-1	-1	-1	-1	-1	-1	-1	-1	-1	-1	-1	-1	-1	-1	-1	-1	-1	-1	-1	-1	-1	-1	-1	-1	-1	-1	-1	-1	-1	-1	-1	-1	-1	-1	-1	-1	-1	-1	-1	-1	-1	-1	-1	-1	-1	-1	7	-1	-1	-1	-1	-1	-1	-1	-1	-1	-1	-1	-1	-1	-1	-1	-1	-1	FFFFFF0B	B‰o Th’ch Vßn MÆnh		2004	1
50113004	5	1	13	4	Gem1_2_2	1	H∞ng B‰o Th’ch (C§p 1)		100000	1000	-1	-1	-1	-1	-1	-1	-1	-1	-1	-1	-1	-1	-1	-1	-1	-1	-1	-1	-1	-1	-1	-1	-1	-1	-1	-1	-1	-1	-1	-1	-1	-1	-1	-1	-1	-1	-1	-1	-1	-1	-1	-1	-1	-1	13	-1	-1	-1	-1	-1	-1	-1	-1	-1	-1	-1	-1	-1	-1	-1	-1	-1	-1	-1	FFFFFF0B	B‰o Th’ch Vßn MÆnh		2004	1
50113005	5	1	13	5	Gem1_2_3	1	H°c B‰o Th’ch (C§p 1)		100000	1000	-1	-1	-1	-1	-1	-1	-1	-1	-1	-1	-1	-1	-1	-1	-1	-1	-1	-1	-1	-1	-1	-1	-1	-1	-1	-1	-1	-1	-1	-1	-1	-1	-1	-1	-1	-1	-1	-1	-1	-1	-1	-1	-1	-1	-1	13	-1	-1	-1	-1	-1	-1	-1	-1	-1	-1	-1	-1	-1	-1	-1	-1	-1	-1	FFFFFF0B	B‰o Th’ch Vßn MÆnh		2004	1
50113006	5	1	13	6	Gem1_2_7	1	Huy™t Tinh Th’ch (C§p 1)		100000	1000	723	-1	-1	-1	-1	-1	-1	-1	-1	-1	-1	-1	-1	-1	-1	-1	-1	-1	-1	-1	-1	-1	-1	-1	-1	-1	-1	-1	-1	-1	-1	-1	-1	-1	-1	-1	-1	-1	-1	-1	-1	-1	-1	-1	-1	-1	-1	-1	-1	-1	-1	-1	-1	-1	-1	-1	-1	-1	-1	-1	-1	-1	-1	-1	FFFFFF0B	B‰o Th’ch Vßn MÆnh		2004	1
50114001	5	1	14	1	Gem1_1_14	1	T± MÁu L¯c (C§p 1)		100000	1000	-1	-1	-1	-1	-1	-1	-1	-1	-1	-1	-1	-1	-1	-1	-1	-1	-1	-1	-1	-1	-1	-1	-1	-1	-1	-1	-1	-1	-1	-1	-1	-1	-1	-1	-1	-1	47	-1	-1	-1	-1	-1	-1	-1	-1	-1	-1	-1	-1	-1	-1	-1	-1	-1	-1	-1	-1	-1	-1	-1	-1	-1	-1	-1	FFFFFF0B	B‰o Th’ch ThiÍn CΩ		2004	1
50121001	5	1	21	1	Gemjiankang_1	1	Ho‡ng Minh Th’ch (C§p 1)		300000	2000	-1	-1	-1	-1	-1	-1	-1	-1	-1	-1	-1	-1	-1	-1	-1	-1	-1	-1	-1	-1	-1	-1	-1	-1	-1	-1	-1	-1	-1	-1	-1	-1	-1	-1	-1	-1	-1	-1	-1	-1	-1	-1	-1	-1	-1	-1	-1	-1	-1	-1	-1	-1	-1	-1	-1	-1	5	-1	-1	-1	-1	-1	-1	-1	FFFFFF0B	B‰o Th’ch Th°ng L˛i		2004	1
50121002	5	1	21	2	Gemjiankang_13	1	Lam Minh Th’ch (C§p 1)		300000	2000	-1	-1	-1	-1	-1	-1	-1	-1	-1	-1	-1	-1	-1	-1	-1	-1	-1	-1	-1	-1	-1	-1	-1	-1	-1	-1	-1	-1	-1	-1	-1	-1	-1	-1	-1	-1	-1	-1	-1	-1	-1	-1	-1	-1	-1	-1	-1	-1	-1	-1	-1	-1	-1	-1	5	-1	-1	-1	-1	-1	-1	-1	-1	-1	FFFFFF0B	B‰o Th’ch Th°ng L˛i		2004	1
50121003	5	1	21	3	Gemjiankang_9	1	H∞ng Minh Th’ch (C§p 1)		300000	2000	-1	-1	-1	-1	-1	-1	-1	-1	-1	-1	-1	-1	-1	-1	-1	-1	-1	-1	-1	-1	-1	-1	-1	-1	-1	-1	-1	-1	-1	-1	-1	-1	-1	-1	-1	-1	-1	-1	-1	-1	-1	-1	-1	-1	-1	-1	-1	-1	-1	-1	-1	-1	-1	-1	-1	5	-1	-1	-1	-1	-1	-1	-1	-1	FFFFFF0B	B‰o Th’ch Th°ng L˛i		2004	1
50121004	5	1	21	4	Gemjiankang_5	1	L¯c Minh Th’ch (C§p 1)		300000	2000	-1	-1	-1	-1	-1	-1	-1	-1	-1	-1	-1	-1	-1	-1	-1	-1	-1	-1	-1	-1	-1	-1	-1	-1	-1	-1	-1	-1	-1	-1	-1	-1	-1	-1	-1	-1	-1	-1	-1	-1	-1	-1	-1	-1	-1	-1	-1	-1	-1	-1	-1	-1	-1	-1	-1	-1	-1	5	-1	-1	-1	-1	-1	-1	FFFFFF0B	B‰o Th’ch Th°ng L˛i		2004	1
50201001	5	2	1	1	Gem1_2_4	1	MiÍu Nh„n Th’ch (C§p 2)		50000	1000	-1	-1	-1	-1	-1	-1	-1	-1	-1	-1	-1	-1	-1	-1	-1	-1	-1	-1	-1	-1	-1	-1	-1	-1	-1	-1	249	-1	-1	-1	-1	-1	-1	-1	-1	-1	-1	-1	-1	-1	-1	-1	-1	-1	-1	-1	-1	-1	-1	-1	-1	-1	-1	-1	-1	-1	-1	-1	-1	-1	-1	-1	-1	-1	FFFFFF4C	B‰o Th’ch Hy V˜ng		2004	1
50201002	5	2	1	2	Gem1_1_1	1	H± Nh„n Th’ch (C§p 2)		50000	1000	-1	-1	-1	-1	-1	-1	-1	-1	-1	-1	-1	-1	-1	-1	-1	-1	-1	-1	-1	249	-1	-1	-1	-1	-1	-1	-1	-1	-1	-1	-1	-1	-1	-1	-1	-1	-1	-1	-1	-1	-1	-1	-1	-1	-1	-1	-1	-1	-1	-1	-1	-1	-1	-1	-1	-1	-1	-1	-1	-1	-1	-1	-1	-1	FFFFFF4C	B‰o Th’ch Hy V˜ng		2004	1
50202001	5	2	2	1	Gem1_1_3	1	Ho‡ng Tinh Th’ch (C§p 2)		150000	1000	-1	-1	-1	-1	-1	-1	-1	-1	-1	-1	-1	-1	15	-1	-1	-1	-1	-1	-1	-1	-1	-1	-1	-1	-1	-1	-1	-1	-1	-1	-1	-1	-1	-1	-1	-1	-1	-1	-1	-1	-1	-1	-1	-1	-1	-1	-1	-1	-1	-1	-1	-1	-1	-1	-1	-1	-1	-1	-1	-1	-1	-1	-1	-1	FFFFFF4C	B‰o Th’ch TrÌ TuÆ		2004	1
50202002	5	2	2	2	Gem1_1_4	1	Lam Tinh Th’ch (C§p 2)		150000	1000	-1	-1	-1	-1	-1	-1	15	-1	-1	-1	-1	-1	-1	-1	-1	-1	-1	-1	-1	-1	-1	-1	-1	-1	-1	-1	-1	-1	-1	-1	-1	-1	-1	-1	-1	-1	-1	-1	-1	-1	-1	-1	-1	-1	-1	-1	-1	-1	-1	-1	-1	-1	-1	-1	-1	-1	-1	-1	-1	-1	-1	-1	-1	-1	FFFFFF4C	B‰o Th’ch TrÌ TuÆ		2004	1
50202003	5	2	2	3	Gem1_1_5	1	H∞ng Tinh Th’ch (C§p 2)		150000	1000	-1	-1	-1	-1	-1	-1	-1	-1	-1	15	-1	-1	-1	-1	-1	-1	-1	-1	-1	-1	-1	-1	-1	-1	-1	-1	-1	-1	-1	-1	-1	-1	-1	-1	-1	-1	-1	-1	-1	-1	-1	-1	-1	-1	-1	-1	-1	-1	-1	-1	-1	-1	-1	-1	-1	-1	-1	-1	-1	-1	-1	-1	-1	-1	FFFFFF4C	B‰o Th’ch TrÌ TuÆ		2004	1
50202004	5	2	2	4	Gem1_1_6	1	L¯c Tinh Th’ch (C§p 2)		150000	1000	-1	-1	-1	-1	-1	-1	-1	-1	-1	-1	-1	-1	-1	-1	-1	15	-1	-1	-1	-1	-1	-1	-1	-1	-1	-1	-1	-1	-1	-1	-1	-1	-1	-1	-1	-1	-1	-1	-1	-1	-1	-1	-1	-1	-1	-1	-1	-1	-1	-1	-1	-1	-1	-1	-1	-1	-1	-1	-1	-1	-1	-1	-1	-1	FFFFFF4C	B‰o Th’ch TrÌ TuÆ		2004	1
50202005	5	2	2	5	Gem1_2_5	1	Thu•n T∏nh Ho‡ng Tinh Th’ch (C§p 2)		300000	2000	-1	-1	-1	-1	-1	-1	-1	-1	-1	-1	-1	-1	23	-1	-1	-1	-1	-1	-1	-1	-1	-1	-1	-1	-1	-1	-1	-1	-1	-1	-1	-1	-1	-1	-1	-1	-1	-1	-1	-1	-1	-1	-1	-1	-1	-1	-1	-1	-1	-1	-1	-1	-1	-1	-1	-1	-1	-1	-1	-1	-1	-1	-1	-1	FFFFFF4C	B‰o Th’ch TrÌ TuÆ		2004	1
50202006	5	2	2	6	Gem1_2_9	1	Thu•n T∏nh Lam Tinh Th’ch (C§p 2)		300000	2000	-1	-1	-1	-1	-1	-1	23	-1	-1	-1	-1	-1	-1	-1	-1	-1	-1	-1	-1	-1	-1	-1	-1	-1	-1	-1	-1	-1	-1	-1	-1	-1	-1	-1	-1	-1	-1	-1	-1	-1	-1	-1	-1	-1	-1	-1	-1	-1	-1	-1	-1	-1	-1	-1	-1	-1	-1	-1	-1	-1	-1	-1	-1	-1	FFFFFF4C	B‰o Th’ch TrÌ TuÆ		2004	1
50202007	5	2	2	7	Gem1_2_13	1	Thu•n T∏nh H∞ng Tinh Th’ch (C§p 2)		300000	2000	-1	-1	-1	-1	-1	-1	-1	-1	-1	23	-1	-1	-1	-1	-1	-1	-1	-1	-1	-1	-1	-1	-1	-1	-1	-1	-1	-1	-1	-1	-1	-1	-1	-1	-1	-1	-1	-1	-1	-1	-1	-1	-1	-1	-1	-1	-1	-1	-1	-1	-1	-1	-1	-1	-1	-1	-1	-1	-1	-1	-1	-1	-1	-1	FFFFFF4C	B‰o Th’ch TrÌ TuÆ		2004	1
50202008	5	2	2	8	Gem1_2_6	1	Thu•n T∏nh L¯c Tinh Th’ch (C§p 2)		300000	2000	-1	-1	-1	-1	-1	-1	-1	-1	-1	-1	-1	-1	-1	-1	-1	23	-1	-1	-1	-1	-1	-1	-1	-1	-1	-1	-1	-1	-1	-1	-1	-1	-1	-1	-1	-1	-1	-1	-1	-1	-1	-1	-1	-1	-1	-1	-1	-1	-1	-1	-1	-1	-1	-1	-1	-1	-1	-1	-1	-1	-1	-1	-1	-1	FFFFFF4C	B‰o Th’ch TrÌ TuÆ		2004	1
50203001	5	2	3	1	Gem1_1_2	1	Tÿ Ng˜c (C§p 2)		100000	1000	-1	-1	-1	-1	-1	-1	-1	-1	-1	-1	-1	-1	-1	-1	-1	-1	-1	-1	-1	-1	-1	-1	-1	-1	-1	-1	-1	-1	-1	-1	-1	-1	-1	-1	-1	277	-1	-1	-1	-1	-1	-1	-1	-1	-1	-1	-1	-1	-1	-1	-1	-1	-1	-1	-1	-1	-1	-1	-1	-1	-1	-1	-1	-1	FFFFFF4C	B‰o Th’ch Huy´n Vi		2004	1
50204002	5	2	4	2	Gem1_1_8	1	Bi™n Th’ch (C§p 2)		250000	1000	-1	-1	-1	-1	-1	-1	-1	-1	-1	-1	-1	-1	-1	-1	-1	-1	-1	-1	-1	-1	-1	-1	-1	-1	-1	-1	-1	-1	-1	-1	-1	-1	-1	-1	-1	-1	-1	2	-1	-1	-1	-1	-1	-1	-1	-1	-1	-1	-1	-1	-1	-1	-1	-1	-1	-1	-1	-1	-1	-1	-1	-1	-1	-1	FFFFFF4C	B‰o Th’ch ƒo Minh		2004	1
50211001	5	2	11	1	Gem1_1_9	1	Th’ch LÒuth’ch (C§p 2)		50000	1000	-1	-1	-1	-1	-1	-1	-1	-1	-1	-1	-1	-1	-1	-1	-1	-1	-1	-1	-1	-1	-1	-1	-1	-1	-1	-1	-1	-1	-1	247	-1	-1	-1	-1	-1	-1	-1	-1	-1	-1	-1	-1	-1	-1	-1	-1	-1	-1	-1	-1	-1	-1	-1	-1	-1	-1	-1	-1	-1	-1	-1	-1	-1	-1	FFFFFF4C	B‰o Th’ch Sinh MÆnh		2004	1
50211002	5	2	11	2	Gem1_1_12	1	TiÍm Tinh Th’ch (C§p 2)		50000	1000	-1	-1	-1	-1	-1	-1	-1	-1	-1	-1	-1	-1	-1	-1	-1	-1	-1	-1	-1	-1	-1	-1	247	-1	-1	-1	-1	-1	-1	-1	-1	-1	-1	-1	-1	-1	-1	-1	-1	-1	-1	-1	-1	-1	-1	-1	-1	-1	-1	-1	-1	-1	-1	-1	-1	-1	-1	-1	-1	-1	-1	-1	-1	-1	FFFFFF4C	B‰o Th’ch Sinh MÆnh		2004	1
50212001	5	2	12	1	Gem1_1_11	1	Ho‡ng Ng˜c (C§p 2)		150000	1000	-1	-1	-1	-1	-1	-1	-1	-1	-1	-1	-1	-1	-1	6	-1	-1	-1	-1	-1	-1	-1	-1	-1	-1	-1	-1	-1	-1	-1	-1	-1	-1	-1	-1	-1	-1	-1	-1	-1	-1	-1	-1	-1	-1	-1	-1	-1	-1	-1	-1	-1	-1	-1	-1	-1	-1	-1	-1	-1	-1	-1	-1	-1	-1	FFFFFF4C	B‰o Th’ch M∏ LÒc		2004	1
50212002	5	2	12	2	Gem1_1_10	1	H’o Th’ch (C§p 2)		150000	1000	-1	-1	-1	-1	-1	-1	-1	6	-1	-1	-1	-1	-1	-1	-1	-1	-1	-1	-1	-1	-1	-1	-1	-1	-1	-1	-1	-1	-1	-1	-1	-1	-1	-1	-1	-1	-1	-1	-1	-1	-1	-1	-1	-1	-1	-1	-1	-1	-1	-1	-1	-1	-1	-1	-1	-1	-1	-1	-1	-1	-1	-1	-1	-1	FFFFFF4C	B‰o Th’ch M∏ LÒc		2004	1
50212003	5	2	12	3	Gem1_1_13	1	NguyÆt Quang Th’ch (C§p 2)		150000	1000	-1	-1	-1	-1	-1	-1	-1	-1	-1	-1	6	-1	-1	-1	-1	-1	-1	-1	-1	-1	-1	-1	-1	-1	-1	-1	-1	-1	-1	-1	-1	-1	-1	-1	-1	-1	-1	-1	-1	-1	-1	-1	-1	-1	-1	-1	-1	-1	-1	-1	-1	-1	-1	-1	-1	-1	-1	-1	-1	-1	-1	-1	-1	-1	FFFFFF4C	B‰o Th’ch M∏ LÒc		2004	1
50212004	5	2	12	4	Gem1_2_1	1	BÌch T÷ (C§p 2)		150000	1000	-1	-1	-1	-1	-1	-1	-1	-1	-1	-1	-1	-1	-1	-1	-1	-1	6	-1	-1	-1	-1	-1	-1	-1	-1	-1	-1	-1	-1	-1	-1	-1	-1	-1	-1	-1	-1	-1	-1	-1	-1	-1	-1	-1	-1	-1	-1	-1	-1	-1	-1	-1	-1	-1	-1	-1	-1	-1	-1	-1	-1	-1	-1	-1	FFFFFF4C	B‰o Th’ch M∏ LÒc		2004	1
50212005	5	2	12	5	Gem1_2_10	1	Thu•n T∏nh Ho‡ng Ng˜c (C§p 2)		300000	2000	-1	-1	-1	-1	-1	-1	-1	-1	-1	-1	-1	-1	-1	10	-1	-1	-1	-1	-1	-1	-1	-1	-1	-1	-1	-1	-1	-1	-1	-1	-1	-1	-1	-1	-1	-1	-1	-1	-1	-1	-1	-1	-1	-1	-1	-1	-1	-1	-1	-1	-1	-1	-1	-1	-1	-1	-1	-1	-1	-1	-1	-1	-1	-1	FFFFFF4C	B‰o Th’ch M∏ LÒc		2004	1
50212006	5	2	12	6	Gem1_2_14	1	Thu•n T∏nh H’o Th’ch (C§p 2)		300000	2000	-1	-1	-1	-1	-1	-1	-1	10	-1	-1	-1	-1	-1	-1	-1	-1	-1	-1	-1	-1	-1	-1	-1	-1	-1	-1	-1	-1	-1	-1	-1	-1	-1	-1	-1	-1	-1	-1	-1	-1	-1	-1	-1	-1	-1	-1	-1	-1	-1	-1	-1	-1	-1	-1	-1	-1	-1	-1	-1	-1	-1	-1	-1	-1	FFFFFF4C	B‰o Th’ch M∏ LÒc		2004	1
50212007	5	2	12	7	Gem1_2_11	1	Thu•n T∏nh D’ Quang Th’ch (C§p 2)		300000	2000	-1	-1	-1	-1	-1	-1	-1	-1	-1	-1	10	-1	-1	-1	-1	-1	-1	-1	-1	-1	-1	-1	-1	-1	-1	-1	-1	-1	-1	-1	-1	-1	-1	-1	-1	-1	-1	-1	-1	-1	-1	-1	-1	-1	-1	-1	-1	-1	-1	-1	-1	-1	-1	-1	-1	-1	-1	-1	-1	-1	-1	-1	-1	-1	FFFFFF4C	B‰o Th’ch M∏ LÒc		2004	1
50212008	5	2	12	8	Gem1_2_15	1	Thu•n T∏nh BÌch T÷ (C§p 2)		300000	2000	-1	-1	-1	-1	-1	-1	-1	-1	-1	-1	-1	-1	-1	-1	-1	-1	10	-1	-1	-1	-1	-1	-1	-1	-1	-1	-1	-1	-1	-1	-1	-1	-1	-1	-1	-1	-1	-1	-1	-1	-1	-1	-1	-1	-1	-1	-1	-1	-1	-1	-1	-1	-1	-1	-1	-1	-1	-1	-1	-1	-1	-1	-1	-1	FFFFFF4C	B‰o Th’ch M∏ LÒc		2004	1
50213001	5	2	13	1	Gem1_1_15	1	Ho‡ng B‰o Th’ch (C§p 2)		75000	1000	-1	-1	-1	-1	-1	-1	-1	-1	-1	-1	-1	-1	-1	-1	-1	-1	-1	-1	-1	-1	-1	-1	-1	-1	-1	-1	-1	-1	-1	-1	-1	-1	-1	-1	-1	-1	-1	-1	-1	-1	-1	-1	25	-1	-1	-1	-1	-1	-1	-1	-1	-1	-1	-1	-1	-1	-1	-1	-1	-1	-1	-1	-1	-1	FFFFFF4C	B‰o Th’ch Vßn MÆnh		2004	1
50213002	5	2	13	2	Gem1_1_16	1	Lam B‰o Th’ch (C§p 2)		75000	1000	-1	-1	-1	-1	-1	-1	-1	-1	-1	-1	-1	-1	-1	-1	-1	-1	-1	-1	-1	-1	-1	-1	-1	-1	-1	-1	-1	-1	-1	-1	-1	-1	-1	-1	-1	-1	-1	-1	-1	-1	-1	-1	-1	25	-1	-1	-1	-1	-1	-1	-1	-1	-1	-1	-1	-1	-1	-1	-1	-1	-1	-1	-1	-1	FFFFFF4C	B‰o Th’ch Vßn MÆnh		2004	1
50213003	5	2	13	3	Gem1_1_7	1	L¯c B‰o Th’ch (C§p 2)		75000	1000	-1	-1	-1	-1	-1	-1	-1	-1	-1	-1	-1	-1	-1	-1	-1	-1	-1	-1	-1	-1	-1	-1	-1	-1	-1	-1	-1	-1	-1	-1	-1	-1	-1	-1	-1	-1	-1	-1	-1	-1	-1	-1	-1	-1	-1	-1	13	-1	-1	-1	-1	-1	-1	-1	-1	-1	-1	-1	-1	-1	-1	-1	-1	-1	FFFFFF4C	B‰o Th’ch Vßn MÆnh		2004	1
50213004	5	2	13	4	Gem1_2_2	1	H∞ng B‰o Th’ch (C§p 2)		75000	1000	-1	-1	-1	-1	-1	-1	-1	-1	-1	-1	-1	-1	-1	-1	-1	-1	-1	-1	-1	-1	-1	-1	-1	-1	-1	-1	-1	-1	-1	-1	-1	-1	-1	-1	-1	-1	-1	-1	-1	-1	-1	-1	-1	-1	25	-1	-1	-1	-1	-1	-1	-1	-1	-1	-1	-1	-1	-1	-1	-1	-1	-1	-1	-1	FFFFFF4C	B‰o Th’ch Vßn MÆnh		2004	1
50213005	5	2	13	5	Gem1_2_3	1	H°c B‰o Th’ch (C§p 2)		75000	1000	-1	-1	-1	-1	-1	-1	-1	-1	-1	-1	-1	-1	-1	-1	-1	-1	-1	-1	-1	-1	-1	-1	-1	-1	-1	-1	-1	-1	-1	-1	-1	-1	-1	-1	-1	-1	-1	-1	-1	-1	-1	-1	-1	-1	-1	25	-1	-1	-1	-1	-1	-1	-1	-1	-1	-1	-1	-1	-1	-1	-1	-1	-1	-1	FFFFFF4C	B‰o Th’ch Vßn MÆnh		2004	1
50213006	5	2	13	6	Gem1_2_7	1	Huy™t Tinh Th’ch (C§p 2)		75000	1000	1410	-1	-1	-1	-1	-1	-1	-1	-1	-1	-1	-1	-1	-1	-1	-1	-1	-1	-1	-1	-1	-1	-1	-1	-1	-1	-1	-1	-1	-1	-1	-1	-1	-1	-1	-1	-1	-1	-1	-1	-1	-1	-1	-1	-1	-1	-1	-1	-1	-1	-1	-1	-1	-1	-1	-1	-1	-1	-1	-1	-1	-1	-1	-1	FFFFFF4C	B‰o Th’ch Vßn MÆnh		2004	1
50214001	5	2	14	1	Gem1_1_14	1	T± MÁu L¯c (C§p 2)		100000	1000	-1	-1	-1	-1	-1	-1	-1	-1	-1	-1	-1	-1	-1	-1	-1	-1	-1	-1	-1	-1	-1	-1	-1	-1	-1	-1	-1	-1	-1	-1	-1	-1	-1	-1	-1	-1	92	-1	-1	-1	-1	-1	-1	-1	-1	-1	-1	-1	-1	-1	-1	-1	-1	-1	-1	-1	-1	-1	-1	-1	-1	-1	-1	-1	FFFFFF4C	B‰o Th’ch ThiÍn CΩ		2004	1
50221001	5	2	21	1	Gemjiankang_1	1	Ho‡ng Minh Th’ch (C§p 2)		300000	2000	-1	-1	-1	-1	-1	-1	-1	-1	-1	-1	-1	-1	-1	-1	-1	-1	-1	-1	-1	-1	-1	-1	-1	-1	-1	-1	-1	-1	-1	-1	-1	-1	-1	-1	-1	-1	-1	-1	-1	-1	-1	-1	-1	-1	-1	-1	-1	-1	-1	-1	-1	-1	-1	-1	-1	-1	10	-1	-1	-1	-1	-1	-1	-1	FFFFFF4C	B‰o Th’ch Th°ng L˛i		2004	1
50221002	5	2	21	2	Gemjiankang_13	1	Lam Minh Th’ch (C§p 2)		300000	2000	-1	-1	-1	-1	-1	-1	-1	-1	-1	-1	-1	-1	-1	-1	-1	-1	-1	-1	-1	-1	-1	-1	-1	-1	-1	-1	-1	-1	-1	-1	-1	-1	-1	-1	-1	-1	-1	-1	-1	-1	-1	-1	-1	-1	-1	-1	-1	-1	-1	-1	-1	-1	-1	-1	10	-1	-1	-1	-1	-1	-1	-1	-1	-1	FFFFFF4C	B‰o Th’ch Th°ng L˛i		2004	1
50221003	5	2	21	3	Gemjiankang_9	1	H∞ng Minh Th’ch (C§p 2)		300000	2000	-1	-1	-1	-1	-1	-1	-1	-1	-1	-1	-1	-1	-1	-1	-1	-1	-1	-1	-1	-1	-1	-1	-1	-1	-1	-1	-1	-1	-1	-1	-1	-1	-1	-1	-1	-1	-1	-1	-1	-1	-1	-1	-1	-1	-1	-1	-1	-1	-1	-1	-1	-1	-1	-1	-1	10	-1	-1	-1	-1	-1	-1	-1	-1	FFFFFF4C	B‰o Th’ch Th°ng L˛i		2004	1
50221004	5	2	21	4	Gemjiankang_5	1	L¯c Minh Th’ch (C§p 2)		300000	2000	-1	-1	-1	-1	-1	-1	-1	-1	-1	-1	-1	-1	-1	-1	-1	-1	-1	-1	-1	-1	-1	-1	-1	-1	-1	-1	-1	-1	-1	-1	-1	-1	-1	-1	-1	-1	-1	-1	-1	-1	-1	-1	-1	-1	-1	-1	-1	-1	-1	-1	-1	-1	-1	-1	-1	-1	-1	10	-1	-1	-1	-1	-1	-1	FFFFFF4C	B‰o Th’ch Th°ng L˛i		2004	1
50301001	5	3	1	1	Gem3_2_4	1	MiÍu Nh„n Th’ch (C§p 3)		50000	1000	-1	-1	-1	-1	-1	-1	-1	-1	-1	-1	-1	-1	-1	-1	-1	-1	-1	-1	-1	-1	-1	-1	-1	-1	-1	-1	364	-1	-1	-1	-1	-1	-1	-1	-1	-1	-1	-1	-1	-1	-1	-1	-1	-1	-1	-1	-1	-1	-1	-1	-1	-1	-1	-1	-1	-1	-1	-1	-1	-1	-1	-1	-1	-1	FFFFFF66	B‰o Th’ch Hy V˜ng		2004	1
50301002	5	3	1	2	Gem3_1_1	1	H± Nh„n Th’ch (C§p 3)		50000	1000	-1	-1	-1	-1	-1	-1	-1	-1	-1	-1	-1	-1	-1	-1	-1	-1	-1	-1	-1	364	-1	-1	-1	-1	-1	-1	-1	-1	-1	-1	-1	-1	-1	-1	-1	-1	-1	-1	-1	-1	-1	-1	-1	-1	-1	-1	-1	-1	-1	-1	-1	-1	-1	-1	-1	-1	-1	-1	-1	-1	-1	-1	-1	-1	FFFFFF66	B‰o Th’ch Hy V˜ng		2004	1
50302001	5	3	2	1	Gem3_1_3	1	Ho‡ng Tinh Th’ch (C§p 3)		150000	1000	-1	-1	-1	-1	-1	-1	-1	-1	-1	-1	-1	-1	20	-1	-1	-1	-1	-1	-1	-1	-1	-1	-1	-1	-1	-1	-1	-1	-1	-1	-1	-1	-1	-1	-1	-1	-1	-1	-1	-1	-1	-1	-1	-1	-1	-1	-1	-1	-1	-1	-1	-1	-1	-1	-1	-1	-1	-1	-1	-1	-1	-1	-1	-1	FFFFFF66	B‰o Th’ch TrÌ TuÆ		2004	1
50302002	5	3	2	2	Gem3_1_4	1	Lam Tinh Th’ch (C§p 3)		150000	1000	-1	-1	-1	-1	-1	-1	20	-1	-1	-1	-1	-1	-1	-1	-1	-1	-1	-1	-1	-1	-1	-1	-1	-1	-1	-1	-1	-1	-1	-1	-1	-1	-1	-1	-1	-1	-1	-1	-1	-1	-1	-1	-1	-1	-1	-1	-1	-1	-1	-1	-1	-1	-1	-1	-1	-1	-1	-1	-1	-1	-1	-1	-1	-1	FFFFFF66	B‰o Th’ch TrÌ TuÆ		2004	1
50302003	5	3	2	3	Gem3_1_5	1	H∞ng Tinh Th’ch (C§p 3)		150000	1000	-1	-1	-1	-1	-1	-1	-1	-1	-1	20	-1	-1	-1	-1	-1	-1	-1	-1	-1	-1	-1	-1	-1	-1	-1	-1	-1	-1	-1	-1	-1	-1	-1	-1	-1	-1	-1	-1	-1	-1	-1	-1	-1	-1	-1	-1	-1	-1	-1	-1	-1	-1	-1	-1	-1	-1	-1	-1	-1	-1	-1	-1	-1	-1	FFFFFF66	B‰o Th’ch TrÌ TuÆ		2004	1
50302004	5	3	2	4	Gem3_1_6	1	L¯c Tinh Th’ch (C§p 3)		150000	1000	-1	-1	-1	-1	-1	-1	-1	-1	-1	-1	-1	-1	-1	-1	-1	20	-1	-1	-1	-1	-1	-1	-1	-1	-1	-1	-1	-1	-1	-1	-1	-1	-1	-1	-1	-1	-1	-1	-1	-1	-1	-1	-1	-1	-1	-1	-1	-1	-1	-1	-1	-1	-1	-1	-1	-1	-1	-1	-1	-1	-1	-1	-1	-1	FFFFFF66	B‰o Th’ch TrÌ TuÆ		2004	1
50302005	5	3	2	5	Gem3_2_5	1	Thu•n T∏nh Ho‡ng Tinh Th’ch (C§p 3)		300000	2000	-1	-1	-1	-1	-1	-1	-1	-1	-1	-1	-1	-1	33	-1	-1	-1	-1	-1	-1	-1	-1	-1	-1	-1	-1	-1	-1	-1	-1	-1	-1	-1	-1	-1	-1	-1	-1	-1	-1	-1	-1	-1	-1	-1	-1	-1	-1	-1	-1	-1	-1	-1	-1	-1	-1	-1	-1	-1	-1	-1	-1	-1	-1	-1	FFFFFF66	B‰o Th’ch TrÌ TuÆ		2004	1
50302006	5	3	2	6	Gem3_2_9	1	Thu•n T∏nh Lam Tinh Th’ch (C§p 3)		300000	2000	-1	-1	-1	-1	-1	-1	33	-1	-1	-1	-1	-1	-1	-1	-1	-1	-1	-1	-1	-1	-1	-1	-1	-1	-1	-1	-1	-1	-1	-1	-1	-1	-1	-1	-1	-1	-1	-1	-1	-1	-1	-1	-1	-1	-1	-1	-1	-1	-1	-1	-1	-1	-1	-1	-1	-1	-1	-1	-1	-1	-1	-1	-1	-1	FFFFFF66	B‰o Th’ch TrÌ TuÆ		2004	1
50302007	5	3	2	7	Gem3_2_13	1	Thu•n T∏nh H∞ng Tinh Th’ch (C§p 3)		300000	2000	-1	-1	-1	-1	-1	-1	-1	-1	-1	33	-1	-1	-1	-1	-1	-1	-1	-1	-1	-1	-1	-1	-1	-1	-1	-1	-1	-1	-1	-1	-1	-1	-1	-1	-1	-1	-1	-1	-1	-1	-1	-1	-1	-1	-1	-1	-1	-1	-1	-1	-1	-1	-1	-1	-1	-1	-1	-1	-1	-1	-1	-1	-1	-1	FFFFFF66	B‰o Th’ch TrÌ TuÆ		2004	1
50302008	5	3	2	8	Gem3_2_6	1	Thu•n T∏nh L¯c Tinh Th’ch (C§p 3)		300000	2000	-1	-1	-1	-1	-1	-1	-1	-1	-1	-1	-1	-1	-1	-1	-1	33	-1	-1	-1	-1	-1	-1	-1	-1	-1	-1	-1	-1	-1	-1	-1	-1	-1	-1	-1	-1	-1	-1	-1	-1	-1	-1	-1	-1	-1	-1	-1	-1	-1	-1	-1	-1	-1	-1	-1	-1	-1	-1	-1	-1	-1	-1	-1	-1	FFFFFF66	B‰o Th’ch TrÌ TuÆ		2004	1
50303001	5	3	3	1	Gem3_1_2	1	Tÿ Ng˜c (C§p 3)		100000	1000	-1	-1	-1	-1	-1	-1	-1	-1	-1	-1	-1	-1	-1	-1	-1	-1	-1	-1	-1	-1	-1	-1	-1	-1	-1	-1	-1	-1	-1	-1	-1	-1	-1	-1	-1	406	-1	-1	-1	-1	-1	-1	-1	-1	-1	-1	-1	-1	-1	-1	-1	-1	-1	-1	-1	-1	-1	-1	-1	-1	-1	-1	-1	-1	FFFFFF66	B‰o Th’ch Huy´n Vi		2004	1
50304002	5	3	4	2	Gem3_1_8	1	Bi™n Th’ch (C§p 3)		250000	1000	-1	-1	-1	-1	-1	-1	-1	-1	-1	-1	-1	-1	-1	-1	-1	-1	-1	-1	-1	-1	-1	-1	-1	-1	-1	-1	-1	-1	-1	-1	-1	-1	-1	-1	-1	-1	-1	3	-1	-1	-1	-1	-1	-1	-1	-1	-1	-1	-1	-1	-1	-1	-1	-1	-1	-1	-1	-1	-1	-1	-1	-1	-1	-1	FFFFFF66	B‰o Th’ch ƒo Minh		2004	1
50311001	5	3	11	1	Gem3_1_9	1	Th’ch LÒuth’ch (C§p 3)		50000	1000	-1	-1	-1	-1	-1	-1	-1	-1	-1	-1	-1	-1	-1	-1	-1	-1	-1	-1	-1	-1	-1	-1	-1	-1	-1	-1	-1	-1	-1	363	-1	-1	-1	-1	-1	-1	-1	-1	-1	-1	-1	-1	-1	-1	-1	-1	-1	-1	-1	-1	-1	-1	-1	-1	-1	-1	-1	-1	-1	-1	-1	-1	-1	-1	FFFFFF4C	B‰o Th’ch Sinh MÆnh		2004	1
50311002	5	3	11	2	Gem3_1_12	1	TiÍm Tinh Th’ch (C§p 3)		50000	1000	-1	-1	-1	-1	-1	-1	-1	-1	-1	-1	-1	-1	-1	-1	-1	-1	-1	-1	-1	-1	-1	-1	363	-1	-1	-1	-1	-1	-1	-1	-1	-1	-1	-1	-1	-1	-1	-1	-1	-1	-1	-1	-1	-1	-1	-1	-1	-1	-1	-1	-1	-1	-1	-1	-1	-1	-1	-1	-1	-1	-1	-1	-1	-1	FFFFFF4C	B‰o Th’ch Sinh MÆnh		2004	1
50312001	5	3	12	1	Gem3_1_11	1	Ho‡ng Ng˜c (C§p 3)		150000	1000	-1	-1	-1	-1	-1	-1	-1	-1	-1	-1	-1	-1	-1	8	-1	-1	-1	-1	-1	-1	-1	-1	-1	-1	-1	-1	-1	-1	-1	-1	-1	-1	-1	-1	-1	-1	-1	-1	-1	-1	-1	-1	-1	-1	-1	-1	-1	-1	-1	-1	-1	-1	-1	-1	-1	-1	-1	-1	-1	-1	-1	-1	-1	-1	FFFFFF4C	B‰o Th’ch M∏ LÒc		2004	1
50312002	5	3	12	2	Gem3_1_10	1	H’o Th’ch (C§p 3)		150000	1000	-1	-1	-1	-1	-1	-1	-1	8	-1	-1	-1	-1	-1	-1	-1	-1	-1	-1	-1	-1	-1	-1	-1	-1	-1	-1	-1	-1	-1	-1	-1	-1	-1	-1	-1	-1	-1	-1	-1	-1	-1	-1	-1	-1	-1	-1	-1	-1	-1	-1	-1	-1	-1	-1	-1	-1	-1	-1	-1	-1	-1	-1	-1	-1	FFFFFF4C	B‰o Th’ch M∏ LÒc		2004	1
50312003	5	3	12	3	Gem3_1_13	1	NguyÆt Quang Th’ch (C§p 3)		150000	1000	-1	-1	-1	-1	-1	-1	-1	-1	-1	-1	8	-1	-1	-1	-1	-1	-1	-1	-1	-1	-1	-1	-1	-1	-1	-1	-1	-1	-1	-1	-1	-1	-1	-1	-1	-1	-1	-1	-1	-1	-1	-1	-1	-1	-1	-1	-1	-1	-1	-1	-1	-1	-1	-1	-1	-1	-1	-1	-1	-1	-1	-1	-1	-1	FFFFFF4C	B‰o Th’ch M∏ LÒc		2004	1
50312004	5	3	12	4	Gem3_2_1	1	BÌch T÷ (C§p 3)		150000	1000	-1	-1	-1	-1	-1	-1	-1	-1	-1	-1	-1	-1	-1	-1	-1	-1	8	-1	-1	-1	-1	-1	-1	-1	-1	-1	-1	-1	-1	-1	-1	-1	-1	-1	-1	-1	-1	-1	-1	-1	-1	-1	-1	-1	-1	-1	-1	-1	-1	-1	-1	-1	-1	-1	-1	-1	-1	-1	-1	-1	-1	-1	-1	-1	FFFFFF4C	B‰o Th’ch M∏ LÒc		2004	1
50312005	5	3	12	5	Gem3_2_10	1	Thu•n T∏nh Ho‡ng Ng˜c (C§p 3)		300000	2000	-1	-1	-1	-1	-1	-1	-1	-1	-1	-1	-1	-1	-1	20	-1	-1	-1	-1	-1	-1	-1	-1	-1	-1	-1	-1	-1	-1	-1	-1	-1	-1	-1	-1	-1	-1	-1	-1	-1	-1	-1	-1	-1	-1	-1	-1	-1	-1	-1	-1	-1	-1	-1	-1	-1	-1	-1	-1	-1	-1	-1	-1	-1	-1	FFFFFF66	B‰o Th’ch M∏ LÒc		2004	1
50312006	5	3	12	6	Gem3_2_14	1	Thu•n T∏nh H’o Th’ch (C§p 3)		300000	2000	-1	-1	-1	-1	-1	-1	-1	20	-1	-1	-1	-1	-1	-1	-1	-1	-1	-1	-1	-1	-1	-1	-1	-1	-1	-1	-1	-1	-1	-1	-1	-1	-1	-1	-1	-1	-1	-1	-1	-1	-1	-1	-1	-1	-1	-1	-1	-1	-1	-1	-1	-1	-1	-1	-1	-1	-1	-1	-1	-1	-1	-1	-1	-1	FFFFFF66	B‰o Th’ch M∏ LÒc		2004	1
50312007	5	3	12	7	Gem3_2_11	1	Thu•n T∏nh D’ Quang Th’ch (C§p 3)		300000	2000	-1	-1	-1	-1	-1	-1	-1	-1	-1	-1	20	-1	-1	-1	-1	-1	-1	-1	-1	-1	-1	-1	-1	-1	-1	-1	-1	-1	-1	-1	-1	-1	-1	-1	-1	-1	-1	-1	-1	-1	-1	-1	-1	-1	-1	-1	-1	-1	-1	-1	-1	-1	-1	-1	-1	-1	-1	-1	-1	-1	-1	-1	-1	-1	FFFFFF66	B‰o Th’ch M∏ LÒc		2004	1
50312008	5	3	12	8	Gem3_2_15	1	Thu•n T∏nh BÌch T÷ (C§p 3)		300000	2000	-1	-1	-1	-1	-1	-1	-1	-1	-1	-1	-1	-1	-1	-1	-1	-1	20	-1	-1	-1	-1	-1	-1	-1	-1	-1	-1	-1	-1	-1	-1	-1	-1	-1	-1	-1	-1	-1	-1	-1	-1	-1	-1	-1	-1	-1	-1	-1	-1	-1	-1	-1	-1	-1	-1	-1	-1	-1	-1	-1	-1	-1	-1	-1	FFFFFF66	B‰o Th’ch M∏ LÒc		2004	1
50313001	5	3	13	1	Gem3_1_15	1	Ho‡ng B‰o Th’ch (C§p 3)		75000	1000	-1	-1	-1	-1	-1	-1	-1	-1	-1	-1	-1	-1	-1	-1	-1	-1	-1	-1	-1	-1	-1	-1	-1	-1	-1	-1	-1	-1	-1	-1	-1	-1	-1	-1	-1	-1	-1	-1	-1	-1	-1	-1	37	-1	-1	-1	-1	-1	-1	-1	-1	-1	-1	-1	-1	-1	-1	-1	-1	-1	-1	-1	-1	-1	FFFFFF4C	B‰o Th’ch Vßn MÆnh		2004	1
50313002	5	3	13	2	Gem3_1_16	1	Lam B‰o Th’ch (C§p 3)		75000	1000	-1	-1	-1	-1	-1	-1	-1	-1	-1	-1	-1	-1	-1	-1	-1	-1	-1	-1	-1	-1	-1	-1	-1	-1	-1	-1	-1	-1	-1	-1	-1	-1	-1	-1	-1	-1	-1	-1	-1	-1	-1	-1	-1	37	-1	-1	-1	-1	-1	-1	-1	-1	-1	-1	-1	-1	-1	-1	-1	-1	-1	-1	-1	-1	FFFFFF4C	B‰o Th’ch Vßn MÆnh		2004	1
50313003	5	3	13	3	Gem3_1_7	1	L¯c B‰o Th’ch (C§p 3)		75000	1000	-1	-1	-1	-1	-1	-1	-1	-1	-1	-1	-1	-1	-1	-1	-1	-1	-1	-1	-1	-1	-1	-1	-1	-1	-1	-1	-1	-1	-1	-1	-1	-1	-1	-1	-1	-1	-1	-1	-1	-1	-1	-1	-1	-1	-1	-1	20	-1	-1	-1	-1	-1	-1	-1	-1	-1	-1	-1	-1	-1	-1	-1	-1	-1	FFFFFF4C	B‰o Th’ch Vßn MÆnh		2004	1
50313004	5	3	13	4	Gem3_2_2	1	H∞ng B‰o Th’ch (C§p 3)		75000	1000	-1	-1	-1	-1	-1	-1	-1	-1	-1	-1	-1	-1	-1	-1	-1	-1	-1	-1	-1	-1	-1	-1	-1	-1	-1	-1	-1	-1	-1	-1	-1	-1	-1	-1	-1	-1	-1	-1	-1	-1	-1	-1	-1	-1	37	-1	-1	-1	-1	-1	-1	-1	-1	-1	-1	-1	-1	-1	-1	-1	-1	-1	-1	-1	FFFFFF4C	B‰o Th’ch Vßn MÆnh		2004	1
50313005	5	3	13	5	Gem3_2_3	1	H°c B‰o Th’ch (C§p 3)		75000	1000	-1	-1	-1	-1	-1	-1	-1	-1	-1	-1	-1	-1	-1	-1	-1	-1	-1	-1	-1	-1	-1	-1	-1	-1	-1	-1	-1	-1	-1	-1	-1	-1	-1	-1	-1	-1	-1	-1	-1	-1	-1	-1	-1	-1	-1	37	-1	-1	-1	-1	-1	-1	-1	-1	-1	-1	-1	-1	-1	-1	-1	-1	-1	-1	FFFFFF4C	B‰o Th’ch Vßn MÆnh		2004	1
50313006	5	3	13	6	Gem3_2_7	1	Huy™t Tinh Th’ch (C§p 3)		75000	1000	2066	-1	-1	-1	-1	-1	-1	-1	-1	-1	-1	-1	-1	-1	-1	-1	-1	-1	-1	-1	-1	-1	-1	-1	-1	-1	-1	-1	-1	-1	-1	-1	-1	-1	-1	-1	-1	-1	-1	-1	-1	-1	-1	-1	-1	-1	-1	-1	-1	-1	-1	-1	-1	-1	-1	-1	-1	-1	-1	-1	-1	-1	-1	-1	FFFFFF4C	B‰o Th’ch Vßn MÆnh		2004	1
50314001	5	3	14	1	Gem3_1_14	1	T± MÁu L¯c (C§p 3)		100000	1000	-1	-1	-1	-1	-1	-1	-1	-1	-1	-1	-1	-1	-1	-1	-1	-1	-1	-1	-1	-1	-1	-1	-1	-1	-1	-1	-1	-1	-1	-1	-1	-1	-1	-1	-1	-1	135	-1	-1	-1	-1	-1	-1	-1	-1	-1	-1	-1	-1	-1	-1	-1	-1	-1	-1	-1	-1	-1	-1	-1	-1	-1	-1	-1	FFFFFF4C	B‰o Th’ch ThiÍn CΩ		2004	1
50321001	5	3	21	1	Gemjiankang_2	1	Ho‡ng Minh Th’ch (C§p 3)		300000	2000	-1	-1	-1	-1	-1	-1	-1	-1	-1	-1	-1	-1	-1	-1	-1	-1	-1	-1	-1	-1	-1	-1	-1	-1	-1	-1	-1	-1	-1	-1	-1	-1	-1	-1	-1	-1	-1	-1	-1	-1	-1	-1	-1	-1	-1	-1	-1	-1	-1	-1	-1	-1	-1	-1	-1	-1	20	-1	-1	-1	-1	-1	-1	-1	FFFFFF66	B‰o Th’ch Th°ng L˛i		2004	1
50321002	5	3	21	2	Gemjiankang_14	1	Lam Minh Th’ch (C§p 3)		300000	2000	-1	-1	-1	-1	-1	-1	-1	-1	-1	-1	-1	-1	-1	-1	-1	-1	-1	-1	-1	-1	-1	-1	-1	-1	-1	-1	-1	-1	-1	-1	-1	-1	-1	-1	-1	-1	-1	-1	-1	-1	-1	-1	-1	-1	-1	-1	-1	-1	-1	-1	-1	-1	-1	-1	20	-1	-1	-1	-1	-1	-1	-1	-1	-1	FFFFFF66	B‰o Th’ch Th°ng L˛i		2004	1
50321003	5	3	21	3	Gemjiankang_10	1	H∞ng Minh Th’ch (C§p 3)		300000	2000	-1	-1	-1	-1	-1	-1	-1	-1	-1	-1	-1	-1	-1	-1	-1	-1	-1	-1	-1	-1	-1	-1	-1	-1	-1	-1	-1	-1	-1	-1	-1	-1	-1	-1	-1	-1	-1	-1	-1	-1	-1	-1	-1	-1	-1	-1	-1	-1	-1	-1	-1	-1	-1	-1	-1	20	-1	-1	-1	-1	-1	-1	-1	-1	FFFFFF66	B‰o Th’ch Th°ng L˛i		2004	1
50321004	5	3	21	4	Gemjiankang_6	1	L¯c Minh Th’ch (C§p 3)		300000	2000	-1	-1	-1	-1	-1	-1	-1	-1	-1	-1	-1	-1	-1	-1	-1	-1	-1	-1	-1	-1	-1	-1	-1	-1	-1	-1	-1	-1	-1	-1	-1	-1	-1	-1	-1	-1	-1	-1	-1	-1	-1	-1	-1	-1	-1	-1	-1	-1	-1	-1	-1	-1	-1	-1	-1	-1	-1	20	-1	-1	-1	-1	-1	-1	FFFFFF66	B‰o Th’ch Th°ng L˛i		2004	1
50401001	5	4	1	1	Gem3_2_4	1	MiÍu Nh„n Th’ch (C§p 4)		50000	1000	-1	-1	-1	-1	-1	-1	-1	-1	-1	-1	-1	-1	-1	-1	-1	-1	-1	-1	-1	-1	-1	-1	-1	-1	-1	-1	738	-1	-1	-1	-1	-1	-1	-1	-1	-1	-1	-1	-1	-1	-1	-1	-1	-1	-1	-1	-1	-1	-1	-1	-1	-1	-1	-1	-1	-1	-1	-1	-1	-1	-1	-1	-1	-1	FFFFFF7F	B‰o Th’ch Hy V˜ng		2004	1
50401002	5	4	1	2	Gem3_1_1	1	H± Nh„n Th’ch (C§p 4)		50000	1000	-1	-1	-1	-1	-1	-1	-1	-1	-1	-1	-1	-1	-1	-1	-1	-1	-1	-1	-1	738	-1	-1	-1	-1	-1	-1	-1	-1	-1	-1	-1	-1	-1	-1	-1	-1	-1	-1	-1	-1	-1	-1	-1	-1	-1	-1	-1	-1	-1	-1	-1	-1	-1	-1	-1	-1	-1	-1	-1	-1	-1	-1	-1	-1	FFFFFF7F	B‰o Th’ch Hy V˜ng		2004	1
50402001	5	4	2	1	Gem3_1_3	1	Ho‡ng Tinh Th’ch (C§p 4)		150000	1000	-1	-1	-1	-1	-1	-1	-1	-1	-1	-1	-1	-1	25	-1	-1	-1	-1	-1	-1	-1	-1	-1	-1	-1	-1	-1	-1	-1	-1	-1	-1	-1	-1	-1	-1	-1	-1	-1	-1	-1	-1	-1	-1	-1	-1	-1	-1	-1	-1	-1	-1	-1	-1	-1	-1	-1	-1	-1	-1	-1	-1	-1	-1	-1	FFFFFF7F	B‰o Th’ch TrÌ TuÆ		2004	1
50402002	5	4	2	2	Gem3_1_4	1	Lam Tinh Th’ch (C§p 4)		150000	1000	-1	-1	-1	-1	-1	-1	25	-1	-1	-1	-1	-1	-1	-1	-1	-1	-1	-1	-1	-1	-1	-1	-1	-1	-1	-1	-1	-1	-1	-1	-1	-1	-1	-1	-1	-1	-1	-1	-1	-1	-1	-1	-1	-1	-1	-1	-1	-1	-1	-1	-1	-1	-1	-1	-1	-1	-1	-1	-1	-1	-1	-1	-1	-1	FFFFFF7F	B‰o Th’ch TrÌ TuÆ		2004	1
50402003	5	4	2	3	Gem3_1_5	1	H∞ng Tinh Th’ch (C§p 4)		150000	1000	-1	-1	-1	-1	-1	-1	-1	-1	-1	25	-1	-1	-1	-1	-1	-1	-1	-1	-1	-1	-1	-1	-1	-1	-1	-1	-1	-1	-1	-1	-1	-1	-1	-1	-1	-1	-1	-1	-1	-1	-1	-1	-1	-1	-1	-1	-1	-1	-1	-1	-1	-1	-1	-1	-1	-1	-1	-1	-1	-1	-1	-1	-1	-1	FFFFFF7F	B‰o Th’ch TrÌ TuÆ		2004	1
50402004	5	4	2	4	Gem3_1_6	1	L¯c Tinh Th’ch (C§p 4)		150000	1000	-1	-1	-1	-1	-1	-1	-1	-1	-1	-1	-1	-1	-1	-1	-1	25	-1	-1	-1	-1	-1	-1	-1	-1	-1	-1	-1	-1	-1	-1	-1	-1	-1	-1	-1	-1	-1	-1	-1	-1	-1	-1	-1	-1	-1	-1	-1	-1	-1	-1	-1	-1	-1	-1	-1	-1	-1	-1	-1	-1	-1	-1	-1	-1	FFFFFF7F	B‰o Th’ch TrÌ TuÆ		2004	1
50402005	5	4	2	5	Gem3_2_5	1	Thu•n T∏nh Ho‡ng Tinh Th’ch (C§p 4)		300000	2000	-1	-1	-1	-1	-1	-1	-1	-1	-1	-1	-1	-1	60	-1	-1	-1	-1	-1	-1	-1	-1	-1	-1	-1	-1	-1	-1	-1	-1	-1	-1	-1	-1	-1	-1	-1	-1	-1	-1	-1	-1	-1	-1	-1	-1	-1	-1	-1	-1	-1	-1	-1	-1	-1	-1	-1	-1	-1	-1	-1	-1	-1	-1	-1	FFFFFF7F	B‰o Th’ch TrÌ TuÆ		2004	1
50402006	5	4	2	6	Gem3_2_9	1	Thu•n T∏nh Lam Tinh Th’ch (C§p 4)		300000	2000	-1	-1	-1	-1	-1	-1	60	-1	-1	-1	-1	-1	-1	-1	-1	-1	-1	-1	-1	-1	-1	-1	-1	-1	-1	-1	-1	-1	-1	-1	-1	-1	-1	-1	-1	-1	-1	-1	-1	-1	-1	-1	-1	-1	-1	-1	-1	-1	-1	-1	-1	-1	-1	-1	-1	-1	-1	-1	-1	-1	-1	-1	-1	-1	FFFFFF7F	B‰o Th’ch TrÌ TuÆ		2004	1
50402007	5	4	2	7	Gem3_2_13	1	Thu•n T∏nh H∞ng Tinh Th’ch (C§p 4)		300000	2000	-1	-1	-1	-1	-1	-1	-1	-1	-1	60	-1	-1	-1	-1	-1	-1	-1	-1	-1	-1	-1	-1	-1	-1	-1	-1	-1	-1	-1	-1	-1	-1	-1	-1	-1	-1	-1	-1	-1	-1	-1	-1	-1	-1	-1	-1	-1	-1	-1	-1	-1	-1	-1	-1	-1	-1	-1	-1	-1	-1	-1	-1	-1	-1	FFFFFF7F	B‰o Th’ch TrÌ TuÆ		2004	1
50402008	5	4	2	8	Gem3_2_6	1	Thu•n T∏nh L¯c Tinh Th’ch (C§p 4)		300000	2000	-1	-1	-1	-1	-1	-1	-1	-1	-1	-1	-1	-1	-1	-1	-1	60	-1	-1	-1	-1	-1	-1	-1	-1	-1	-1	-1	-1	-1	-1	-1	-1	-1	-1	-1	-1	-1	-1	-1	-1	-1	-1	-1	-1	-1	-1	-1	-1	-1	-1	-1	-1	-1	-1	-1	-1	-1	-1	-1	-1	-1	-1	-1	-1	FFFFFF7F	B‰o Th’ch TrÌ TuÆ		2004	1
50403001	5	4	3	1	Gem3_1_2	1	Tÿ Ng˜c (C§p 4)		100000	1000	-1	-1	-1	-1	-1	-1	-1	-1	-1	-1	-1	-1	-1	-1	-1	-1	-1	-1	-1	-1	-1	-1	-1	-1	-1	-1	-1	-1	-1	-1	-1	-1	-1	-1	-1	821	-1	-1	-1	-1	-1	-1	-1	-1	-1	-1	-1	-1	-1	-1	-1	-1	-1	-1	-1	-1	-1	-1	-1	-1	-1	-1	-1	-1	FFFFFF7F	B‰o Th’ch Huy´n Vi		2004	1
50404002	5	4	4	2	Gem3_1_8	1	Bi™n Th’ch (C§p 4)		250000	1000	-1	-1	-1	-1	-1	-1	-1	-1	-1	-1	-1	-1	-1	-1	-1	-1	-1	-1	-1	-1	-1	-1	-1	-1	-1	-1	-1	-1	-1	-1	-1	-1	-1	-1	-1	-1	-1	5	-1	-1	-1	-1	-1	-1	-1	-1	-1	-1	-1	-1	-1	-1	-1	-1	-1	-1	-1	-1	-1	-1	-1	-1	-1	-1	FFFFFF7F	B‰o Th’ch ƒo Minh		2004	1
50411001	5	4	11	1	Gem3_1_9	1	Th’ch LÒuth’ch (C§p 4)		50000	1000	-1	-1	-1	-1	-1	-1	-1	-1	-1	-1	-1	-1	-1	-1	-1	-1	-1	-1	-1	-1	-1	-1	-1	-1	-1	-1	-1	-1	-1	734	-1	-1	-1	-1	-1	-1	-1	-1	-1	-1	-1	-1	-1	-1	-1	-1	-1	-1	-1	-1	-1	-1	-1	-1	-1	-1	-1	-1	-1	-1	-1	-1	-1	-1	FFFFFF4C	B‰o Th’ch Sinh MÆnh		2004	1
50411002	5	4	11	2	Gem3_1_12	1	TiÍm Tinh Th’ch (C§p 4)		50000	1000	-1	-1	-1	-1	-1	-1	-1	-1	-1	-1	-1	-1	-1	-1	-1	-1	-1	-1	-1	-1	-1	-1	734	-1	-1	-1	-1	-1	-1	-1	-1	-1	-1	-1	-1	-1	-1	-1	-1	-1	-1	-1	-1	-1	-1	-1	-1	-1	-1	-1	-1	-1	-1	-1	-1	-1	-1	-1	-1	-1	-1	-1	-1	-1	FFFFFF4C	B‰o Th’ch Sinh MÆnh		2004	1
50412001	5	4	12	1	Gem3_1_11	1	Ho‡ng Ng˜c (C§p 4)		150000	1000	-1	-1	-1	-1	-1	-1	-1	-1	-1	-1	-1	-1	-1	10	-1	-1	-1	-1	-1	-1	-1	-1	-1	-1	-1	-1	-1	-1	-1	-1	-1	-1	-1	-1	-1	-1	-1	-1	-1	-1	-1	-1	-1	-1	-1	-1	-1	-1	-1	-1	-1	-1	-1	-1	-1	-1	-1	-1	-1	-1	-1	-1	-1	-1	FFFFFF4C	B‰o Th’ch M∏ LÒc		2004	1
50412002	5	4	12	2	Gem3_1_10	1	H’o Th’ch (C§p 4)		150000	1000	-1	-1	-1	-1	-1	-1	-1	10	-1	-1	-1	-1	-1	-1	-1	-1	-1	-1	-1	-1	-1	-1	-1	-1	-1	-1	-1	-1	-1	-1	-1	-1	-1	-1	-1	-1	-1	-1	-1	-1	-1	-1	-1	-1	-1	-1	-1	-1	-1	-1	-1	-1	-1	-1	-1	-1	-1	-1	-1	-1	-1	-1	-1	-1	FFFFFF4C	B‰o Th’ch M∏ LÒc		2004	1
50412003	5	4	12	3	Gem3_1_13	1	NguyÆt Quang Th’ch (C§p 4)		150000	1000	-1	-1	-1	-1	-1	-1	-1	-1	-1	-1	10	-1	-1	-1	-1	-1	-1	-1	-1	-1	-1	-1	-1	-1	-1	-1	-1	-1	-1	-1	-1	-1	-1	-1	-1	-1	-1	-1	-1	-1	-1	-1	-1	-1	-1	-1	-1	-1	-1	-1	-1	-1	-1	-1	-1	-1	-1	-1	-1	-1	-1	-1	-1	-1	FFFFFF4C	B‰o Th’ch M∏ LÒc		2004	1
50412004	5	4	12	4	Gem3_2_1	1	BÌch T÷ (C§p 4)		150000	1000	-1	-1	-1	-1	-1	-1	-1	-1	-1	-1	-1	-1	-1	-1	-1	-1	10	-1	-1	-1	-1	-1	-1	-1	-1	-1	-1	-1	-1	-1	-1	-1	-1	-1	-1	-1	-1	-1	-1	-1	-1	-1	-1	-1	-1	-1	-1	-1	-1	-1	-1	-1	-1	-1	-1	-1	-1	-1	-1	-1	-1	-1	-1	-1	FFFFFF4C	B‰o Th’ch M∏ LÒc		2004	1
50412005	5	4	12	5	Gem3_2_10	1	Thu•n T∏nh Ho‡ng Ng˜c (C§p 4)		300000	2000	-1	-1	-1	-1	-1	-1	-1	-1	-1	-1	-1	-1	-1	35	-1	-1	-1	-1	-1	-1	-1	-1	-1	-1	-1	-1	-1	-1	-1	-1	-1	-1	-1	-1	-1	-1	-1	-1	-1	-1	-1	-1	-1	-1	-1	-1	-1	-1	-1	-1	-1	-1	-1	-1	-1	-1	-1	-1	-1	-1	-1	-1	-1	-1	FFFFFF7F	B‰o Th’ch M∏ LÒc		2004	1
50412006	5	4	12	6	Gem3_2_14	1	Thu•n T∏nh H’o Th’ch (C§p 4)		300000	2000	-1	-1	-1	-1	-1	-1	-1	35	-1	-1	-1	-1	-1	-1	-1	-1	-1	-1	-1	-1	-1	-1	-1	-1	-1	-1	-1	-1	-1	-1	-1	-1	-1	-1	-1	-1	-1	-1	-1	-1	-1	-1	-1	-1	-1	-1	-1	-1	-1	-1	-1	-1	-1	-1	-1	-1	-1	-1	-1	-1	-1	-1	-1	-1	FFFFFF7F	B‰o Th’ch M∏ LÒc		2004	1
50412007	5	4	12	7	Gem3_2_11	1	Thu•n T∏nh D’ Quang Th’ch (C§p 4)		300000	2000	-1	-1	-1	-1	-1	-1	-1	-1	-1	-1	35	-1	-1	-1	-1	-1	-1	-1	-1	-1	-1	-1	-1	-1	-1	-1	-1	-1	-1	-1	-1	-1	-1	-1	-1	-1	-1	-1	-1	-1	-1	-1	-1	-1	-1	-1	-1	-1	-1	-1	-1	-1	-1	-1	-1	-1	-1	-1	-1	-1	-1	-1	-1	-1	FFFFFF7F	B‰o Th’ch M∏ LÒc		2004	1
50412008	5	4	12	8	Gem3_2_15	1	Thu•n T∏nh BÌch T÷ (C§p 4)		300000	2000	-1	-1	-1	-1	-1	-1	-1	-1	-1	-1	-1	-1	-1	-1	-1	-1	35	-1	-1	-1	-1	-1	-1	-1	-1	-1	-1	-1	-1	-1	-1	-1	-1	-1	-1	-1	-1	-1	-1	-1	-1	-1	-1	-1	-1	-1	-1	-1	-1	-1	-1	-1	-1	-1	-1	-1	-1	-1	-1	-1	-1	-1	-1	-1	FFFFFF7F	B‰o Th’ch M∏ LÒc		2004	1
50413001	5	4	13	1	Gem3_1_15	1	Ho‡ng B‰o Th’ch (C§p 4)		75000	1000	-1	-1	-1	-1	-1	-1	-1	-1	-1	-1	-1	-1	-1	-1	-1	-1	-1	-1	-1	-1	-1	-1	-1	-1	-1	-1	-1	-1	-1	-1	-1	-1	-1	-1	-1	-1	-1	-1	-1	-1	-1	-1	76	-1	-1	-1	-1	-1	-1	-1	-1	-1	-1	-1	-1	-1	-1	-1	-1	-1	-1	-1	-1	-1	FFFFFF4C	B‰o Th’ch Vßn MÆnh		2004	1
50413002	5	4	13	2	Gem3_1_16	1	Lam B‰o Th’ch (C§p 4)		75000	1000	-1	-1	-1	-1	-1	-1	-1	-1	-1	-1	-1	-1	-1	-1	-1	-1	-1	-1	-1	-1	-1	-1	-1	-1	-1	-1	-1	-1	-1	-1	-1	-1	-1	-1	-1	-1	-1	-1	-1	-1	-1	-1	-1	76	-1	-1	-1	-1	-1	-1	-1	-1	-1	-1	-1	-1	-1	-1	-1	-1	-1	-1	-1	-1	FFFFFF4C	B‰o Th’ch Vßn MÆnh		2004	1
50413003	5	4	13	3	Gem3_1_7	1	L¯c B‰o Th’ch (C§p 4)		75000	1000	-1	-1	-1	-1	-1	-1	-1	-1	-1	-1	-1	-1	-1	-1	-1	-1	-1	-1	-1	-1	-1	-1	-1	-1	-1	-1	-1	-1	-1	-1	-1	-1	-1	-1	-1	-1	-1	-1	-1	-1	-1	-1	-1	-1	-1	-1	41	-1	-1	-1	-1	-1	-1	-1	-1	-1	-1	-1	-1	-1	-1	-1	-1	-1	FFFFFF4C	B‰o Th’ch Vßn MÆnh		2004	1
50413004	5	4	13	4	Gem3_2_2	1	H∞ng B‰o Th’ch (C§p 4)		75000	1000	-1	-1	-1	-1	-1	-1	-1	-1	-1	-1	-1	-1	-1	-1	-1	-1	-1	-1	-1	-1	-1	-1	-1	-1	-1	-1	-1	-1	-1	-1	-1	-1	-1	-1	-1	-1	-1	-1	-1	-1	-1	-1	-1	-1	76	-1	-1	-1	-1	-1	-1	-1	-1	-1	-1	-1	-1	-1	-1	-1	-1	-1	-1	-1	FFFFFF4C	B‰o Th’ch Vßn MÆnh		2004	1
50413005	5	4	13	5	Gem3_2_3	1	H°c B‰o Th’ch (C§p 4)		75000	1000	-1	-1	-1	-1	-1	-1	-1	-1	-1	-1	-1	-1	-1	-1	-1	-1	-1	-1	-1	-1	-1	-1	-1	-1	-1	-1	-1	-1	-1	-1	-1	-1	-1	-1	-1	-1	-1	-1	-1	-1	-1	-1	-1	-1	-1	76	-1	-1	-1	-1	-1	-1	-1	-1	-1	-1	-1	-1	-1	-1	-1	-1	-1	-1	FFFFFF4C	B‰o Th’ch Vßn MÆnh		2004	1
50413006	5	4	13	6	Gem3_2_7	1	Huy™t Tinh Th’ch (C§p 4)		75000	1000	4180	-1	-1	-1	-1	-1	-1	-1	-1	-1	-1	-1	-1	-1	-1	-1	-1	-1	-1	-1	-1	-1	-1	-1	-1	-1	-1	-1	-1	-1	-1	-1	-1	-1	-1	-1	-1	-1	-1	-1	-1	-1	-1	-1	-1	-1	-1	-1	-1	-1	-1	-1	-1	-1	-1	-1	-1	-1	-1	-1	-1	-1	-1	-1	FFFFFF4C	B‰o Th’ch Vßn MÆnh		2004	1
50414001	5	4	14	1	Gem3_1_14	1	T± MÁu L¯c (C§p 4)		100000	1000	-1	-1	-1	-1	-1	-1	-1	-1	-1	-1	-1	-1	-1	-1	-1	-1	-1	-1	-1	-1	-1	-1	-1	-1	-1	-1	-1	-1	-1	-1	-1	-1	-1	-1	-1	-1	273	-1	-1	-1	-1	-1	-1	-1	-1	-1	-1	-1	-1	-1	-1	-1	-1	-1	-1	-1	-1	-1	-1	-1	-1	-1	-1	-1	FFFFFF4C	B‰o Th’ch ThiÍn CΩ		2004	1
50421001	5	4	21	1	Gemjiankang_2	1	Ho‡ng Minh Th’ch (C§p 4)		300000	2000	-1	-1	-1	-1	-1	-1	-1	-1	-1	-1	-1	-1	-1	-1	-1	-1	-1	-1	-1	-1	-1	-1	-1	-1	-1	-1	-1	-1	-1	-1	-1	-1	-1	-1	-1	-1	-1	-1	-1	-1	-1	-1	-1	-1	-1	-1	-1	-1	-1	-1	-1	-1	-1	-1	-1	-1	35	-1	-1	-1	-1	-1	-1	-1	FFFFFF7F	B‰o Th’ch Th°ng L˛i		2004	1
50421002	5	4	21	2	Gemjiankang_14	1	Lam Minh Th’ch (C§p 4)		300000	2000	-1	-1	-1	-1	-1	-1	-1	-1	-1	-1	-1	-1	-1	-1	-1	-1	-1	-1	-1	-1	-1	-1	-1	-1	-1	-1	-1	-1	-1	-1	-1	-1	-1	-1	-1	-1	-1	-1	-1	-1	-1	-1	-1	-1	-1	-1	-1	-1	-1	-1	-1	-1	-1	-1	35	-1	-1	-1	-1	-1	-1	-1	-1	-1	FFFFFF7F	B‰o Th’ch Th°ng L˛i		2004	1
50421003	5	4	21	3	Gemjiankang_10	1	H∞ng Minh Th’ch (C§p 4)		300000	2000	-1	-1	-1	-1	-1	-1	-1	-1	-1	-1	-1	-1	-1	-1	-1	-1	-1	-1	-1	-1	-1	-1	-1	-1	-1	-1	-1	-1	-1	-1	-1	-1	-1	-1	-1	-1	-1	-1	-1	-1	-1	-1	-1	-1	-1	-1	-1	-1	-1	-1	-1	-1	-1	-1	-1	35	-1	-1	-1	-1	-1	-1	-1	-1	FFFFFF7F	B‰o Th’ch Th°ng L˛i		2004	1
50421004	5	4	21	4	Gemjiankang_6	1	L¯c Minh Th’ch (C§p 4)		300000	2000	-1	-1	-1	-1	-1	-1	-1	-1	-1	-1	-1	-1	-1	-1	-1	-1	-1	-1	-1	-1	-1	-1	-1	-1	-1	-1	-1	-1	-1	-1	-1	-1	-1	-1	-1	-1	-1	-1	-1	-1	-1	-1	-1	-1	-1	-1	-1	-1	-1	-1	-1	-1	-1	-1	-1	-1	-1	35	-1	-1	-1	-1	-1	-1	FFFFFF7F	B‰o Th’ch Th°ng L˛i		2004	1
50501001	5	5	1	1	Gem3_2_4	1	MiÍu Nh„n Th’ch (C§p 5)		50000	1000	-1	-1	-1	-1	-1	-1	-1	-1	-1	-1	-1	-1	-1	-1	-1	-1	-1	-1	-1	-1	-1	-1	-1	-1	-1	-1	1332	-1	-1	-1	-1	-1	-1	-1	-1	-1	-1	-1	-1	-1	-1	-1	-1	-1	-1	-1	-1	-1	-1	-1	-1	-1	-1	-1	-1	-1	-1	-1	-1	-1	-1	-1	-1	-1	FFFFFF99	B‰o Th’ch Hy V˜ng		2004	1
50501002	5	5	1	2	Gem3_1_1	1	H± Nh„n Th’ch (C§p 5)		50000	1000	-1	-1	-1	-1	-1	-1	-1	-1	-1	-1	-1	-1	-1	-1	-1	-1	-1	-1	-1	1332	-1	-1	-1	-1	-1	-1	-1	-1	-1	-1	-1	-1	-1	-1	-1	-1	-1	-1	-1	-1	-1	-1	-1	-1	-1	-1	-1	-1	-1	-1	-1	-1	-1	-1	-1	-1	-1	-1	-1	-1	-1	-1	-1	-1	FFFFFF99	B‰o Th’ch Hy V˜ng		2004	1
50502001	5	5	2	1	Gem3_1_3	1	Ho‡ng Tinh Th’ch (C§p 5)		150000	1000	-1	-1	-1	-1	-1	-1	-1	-1	-1	-1	-1	-1	30	-1	-1	-1	-1	-1	-1	-1	-1	-1	-1	-1	-1	-1	-1	-1	-1	-1	-1	-1	-1	-1	-1	-1	-1	-1	-1	-1	-1	-1	-1	-1	-1	-1	-1	-1	-1	-1	-1	-1	-1	-1	-1	-1	-1	-1	-1	-1	-1	-1	-1	-1	FFFFFF99	B‰o Th’ch TrÌ TuÆ		2004	1
50502002	5	5	2	2	Gem3_1_4	1	Lam Tinh Th’ch (C§p 5)		150000	1000	-1	-1	-1	-1	-1	-1	30	-1	-1	-1	-1	-1	-1	-1	-1	-1	-1	-1	-1	-1	-1	-1	-1	-1	-1	-1	-1	-1	-1	-1	-1	-1	-1	-1	-1	-1	-1	-1	-1	-1	-1	-1	-1	-1	-1	-1	-1	-1	-1	-1	-1	-1	-1	-1	-1	-1	-1	-1	-1	-1	-1	-1	-1	-1	FFFFFF99	B‰o Th’ch TrÌ TuÆ		2004	1
50502003	5	5	2	3	Gem3_1_5	1	H∞ng Tinh Th’ch (C§p 5)		150000	1000	-1	-1	-1	-1	-1	-1	-1	-1	-1	30	-1	-1	-1	-1	-1	-1	-1	-1	-1	-1	-1	-1	-1	-1	-1	-1	-1	-1	-1	-1	-1	-1	-1	-1	-1	-1	-1	-1	-1	-1	-1	-1	-1	-1	-1	-1	-1	-1	-1	-1	-1	-1	-1	-1	-1	-1	-1	-1	-1	-1	-1	-1	-1	-1	FFFFFF99	B‰o Th’ch TrÌ TuÆ		2004	1
50502004	5	5	2	4	Gem3_1_6	1	L¯c Tinh Th’ch (C§p 5)		150000	1000	-1	-1	-1	-1	-1	-1	-1	-1	-1	-1	-1	-1	-1	-1	-1	30	-1	-1	-1	-1	-1	-1	-1	-1	-1	-1	-1	-1	-1	-1	-1	-1	-1	-1	-1	-1	-1	-1	-1	-1	-1	-1	-1	-1	-1	-1	-1	-1	-1	-1	-1	-1	-1	-1	-1	-1	-1	-1	-1	-1	-1	-1	-1	-1	FFFFFF99	B‰o Th’ch TrÌ TuÆ		2004	1
50502005	5	5	2	5	Gem3_2_5	1	Thu•n T∏nh Ho‡ng Tinh Th’ch (C§p 5)		300000	2000	-1	-1	-1	-1	-1	-1	-1	-1	-1	-1	-1	-1	120	-1	-1	-1	-1	-1	-1	-1	-1	-1	-1	-1	-1	-1	-1	-1	-1	-1	-1	-1	-1	-1	-1	-1	-1	-1	-1	-1	-1	-1	-1	-1	-1	-1	-1	-1	-1	-1	-1	-1	-1	-1	-1	-1	-1	-1	-1	-1	-1	-1	-1	-1	FFFFFF99	B‰o Th’ch TrÌ TuÆ		2004	1
50502006	5	5	2	6	Gem3_2_9	1	Thu•n T∏nh Lam Tinh Th’ch (C§p 5)		300000	2000	-1	-1	-1	-1	-1	-1	120	-1	-1	-1	-1	-1	-1	-1	-1	-1	-1	-1	-1	-1	-1	-1	-1	-1	-1	-1	-1	-1	-1	-1	-1	-1	-1	-1	-1	-1	-1	-1	-1	-1	-1	-1	-1	-1	-1	-1	-1	-1	-1	-1	-1	-1	-1	-1	-1	-1	-1	-1	-1	-1	-1	-1	-1	-1	FFFFFF99	B‰o Th’ch TrÌ TuÆ		2004	1
50502007	5	5	2	7	Gem3_2_13	1	Thu•n T∏nh H∞ng Tinh Th’ch (C§p 5)		300000	2000	-1	-1	-1	-1	-1	-1	-1	-1	-1	120	-1	-1	-1	-1	-1	-1	-1	-1	-1	-1	-1	-1	-1	-1	-1	-1	-1	-1	-1	-1	-1	-1	-1	-1	-1	-1	-1	-1	-1	-1	-1	-1	-1	-1	-1	-1	-1	-1	-1	-1	-1	-1	-1	-1	-1	-1	-1	-1	-1	-1	-1	-1	-1	-1	FFFFFF99	B‰o Th’ch TrÌ TuÆ		2004	1
50502008	5	5	2	8	Gem3_2_6	1	Thu•n T∏nh L¯c Tinh Th’ch (C§p 5)		300000	2000	-1	-1	-1	-1	-1	-1	-1	-1	-1	-1	-1	-1	-1	-1	-1	120	-1	-1	-1	-1	-1	-1	-1	-1	-1	-1	-1	-1	-1	-1	-1	-1	-1	-1	-1	-1	-1	-1	-1	-1	-1	-1	-1	-1	-1	-1	-1	-1	-1	-1	-1	-1	-1	-1	-1	-1	-1	-1	-1	-1	-1	-1	-1	-1	FFFFFF99	B‰o Th’ch TrÌ TuÆ		2004	1
50503001	5	5	3	1	Gem3_1_2	1	Tÿ Ng˜c (C§p 5)		100000	1000	-1	-1	-1	-1	-1	-1	-1	-1	-1	-1	-1	-1	-1	-1	-1	-1	-1	-1	-1	-1	-1	-1	-1	-1	-1	-1	-1	-1	-1	-1	-1	-1	-1	-1	-1	1483	-1	-1	-1	-1	-1	-1	-1	-1	-1	-1	-1	-1	-1	-1	-1	-1	-1	-1	-1	-1	-1	-1	-1	-1	-1	-1	-1	-1	FFFFFF99	B‰o Th’ch Huy´n Vi		2004	1
50504002	5	5	4	2	Gem3_1_8	1	Bi™n Th’ch (C§p 5)		250000	1000	-1	-1	-1	-1	-1	-1	-1	-1	-1	-1	-1	-1	-1	-1	-1	-1	-1	-1	-1	-1	-1	-1	-1	-1	-1	-1	-1	-1	-1	-1	-1	-1	-1	-1	-1	-1	-1	7	-1	-1	-1	-1	-1	-1	-1	-1	-1	-1	-1	-1	-1	-1	-1	-1	-1	-1	-1	-1	-1	-1	-1	-1	-1	-1	FFFFFF99	B‰o Th’ch ƒo Minh		2004	1
50511001	5	5	11	1	Gem3_1_9	1	Th’ch LÒuth’ch (C§p 5)		50000	1000	-1	-1	-1	-1	-1	-1	-1	-1	-1	-1	-1	-1	-1	-1	-1	-1	-1	-1	-1	-1	-1	-1	-1	-1	-1	-1	-1	-1	-1	1326	-1	-1	-1	-1	-1	-1	-1	-1	-1	-1	-1	-1	-1	-1	-1	-1	-1	-1	-1	-1	-1	-1	-1	-1	-1	-1	-1	-1	-1	-1	-1	-1	-1	-1	FFFFFF66	B‰o Th’ch Sinh MÆnh		2004	1
50511002	5	5	11	2	Gem3_1_12	1	TiÍm Tinh Th’ch (C§p 5)		50000	1000	-1	-1	-1	-1	-1	-1	-1	-1	-1	-1	-1	-1	-1	-1	-1	-1	-1	-1	-1	-1	-1	-1	1326	-1	-1	-1	-1	-1	-1	-1	-1	-1	-1	-1	-1	-1	-1	-1	-1	-1	-1	-1	-1	-1	-1	-1	-1	-1	-1	-1	-1	-1	-1	-1	-1	-1	-1	-1	-1	-1	-1	-1	-1	-1	FFFFFF66	B‰o Th’ch Sinh MÆnh		2004	1
50512001	5	5	12	1	Gem3_1_11	1	Ho‡ng Ng˜c (C§p 5)		150000	1000	-1	-1	-1	-1	-1	-1	-1	-1	-1	-1	-1	-1	-1	12	-1	-1	-1	-1	-1	-1	-1	-1	-1	-1	-1	-1	-1	-1	-1	-1	-1	-1	-1	-1	-1	-1	-1	-1	-1	-1	-1	-1	-1	-1	-1	-1	-1	-1	-1	-1	-1	-1	-1	-1	-1	-1	-1	-1	-1	-1	-1	-1	-1	-1	FFFFFF66	B‰o Th’ch M∏ LÒc		2004	1
50512002	5	5	12	2	Gem3_1_10	1	H’o Th’ch (C§p 5)		150000	1000	-1	-1	-1	-1	-1	-1	-1	12	-1	-1	-1	-1	-1	-1	-1	-1	-1	-1	-1	-1	-1	-1	-1	-1	-1	-1	-1	-1	-1	-1	-1	-1	-1	-1	-1	-1	-1	-1	-1	-1	-1	-1	-1	-1	-1	-1	-1	-1	-1	-1	-1	-1	-1	-1	-1	-1	-1	-1	-1	-1	-1	-1	-1	-1	FFFFFF66	B‰o Th’ch M∏ LÒc		2004	1
50512003	5	5	12	3	Gem3_1_13	1	NguyÆt Quang Th’ch (C§p 5)		150000	1000	-1	-1	-1	-1	-1	-1	-1	-1	-1	-1	12	-1	-1	-1	-1	-1	-1	-1	-1	-1	-1	-1	-1	-1	-1	-1	-1	-1	-1	-1	-1	-1	-1	-1	-1	-1	-1	-1	-1	-1	-1	-1	-1	-1	-1	-1	-1	-1	-1	-1	-1	-1	-1	-1	-1	-1	-1	-1	-1	-1	-1	-1	-1	-1	FFFFFF66	B‰o Th’ch M∏ LÒc		2004	1
50512004	5	5	12	4	Gem3_2_1	1	BÌch T÷ (C§p 5)		150000	1000	-1	-1	-1	-1	-1	-1	-1	-1	-1	-1	-1	-1	-1	-1	-1	-1	12	-1	-1	-1	-1	-1	-1	-1	-1	-1	-1	-1	-1	-1	-1	-1	-1	-1	-1	-1	-1	-1	-1	-1	-1	-1	-1	-1	-1	-1	-1	-1	-1	-1	-1	-1	-1	-1	-1	-1	-1	-1	-1	-1	-1	-1	-1	-1	FFFFFF66	B‰o Th’ch M∏ LÒc		2004	1
50512005	5	5	12	5	Gem3_2_10	1	Thu•n T∏nh Ho‡ng Ng˜c (C§p 5)		300000	2000	-1	-1	-1	-1	-1	-1	-1	-1	-1	-1	-1	-1	-1	50	-1	-1	-1	-1	-1	-1	-1	-1	-1	-1	-1	-1	-1	-1	-1	-1	-1	-1	-1	-1	-1	-1	-1	-1	-1	-1	-1	-1	-1	-1	-1	-1	-1	-1	-1	-1	-1	-1	-1	-1	-1	-1	-1	-1	-1	-1	-1	-1	-1	-1	FFFFFF99	B‰o Th’ch M∏ LÒc		2004	1
50512006	5	5	12	6	Gem3_2_14	1	Thu•n T∏nh H’o Th’ch (C§p 5)		300000	2000	-1	-1	-1	-1	-1	-1	-1	50	-1	-1	-1	-1	-1	-1	-1	-1	-1	-1	-1	-1	-1	-1	-1	-1	-1	-1	-1	-1	-1	-1	-1	-1	-1	-1	-1	-1	-1	-1	-1	-1	-1	-1	-1	-1	-1	-1	-1	-1	-1	-1	-1	-1	-1	-1	-1	-1	-1	-1	-1	-1	-1	-1	-1	-1	FFFFFF99	B‰o Th’ch M∏ LÒc		2004	1
50512007	5	5	12	7	Gem3_2_11	1	Thu•n T∏nh D’ Quang Th’ch (C§p 5)		300000	2000	-1	-1	-1	-1	-1	-1	-1	-1	-1	-1	50	-1	-1	-1	-1	-1	-1	-1	-1	-1	-1	-1	-1	-1	-1	-1	-1	-1	-1	-1	-1	-1	-1	-1	-1	-1	-1	-1	-1	-1	-1	-1	-1	-1	-1	-1	-1	-1	-1	-1	-1	-1	-1	-1	-1	-1	-1	-1	-1	-1	-1	-1	-1	-1	FFFFFF99	B‰o Th’ch M∏ LÒc		2004	1
50512008	5	5	12	8	Gem3_2_15	1	Thu•n T∏nh BÌch T÷ (C§p 5)		300000	2000	-1	-1	-1	-1	-1	-1	-1	-1	-1	-1	-1	-1	-1	-1	-1	-1	50	-1	-1	-1	-1	-1	-1	-1	-1	-1	-1	-1	-1	-1	-1	-1	-1	-1	-1	-1	-1	-1	-1	-1	-1	-1	-1	-1	-1	-1	-1	-1	-1	-1	-1	-1	-1	-1	-1	-1	-1	-1	-1	-1	-1	-1	-1	-1	FFFFFF99	B‰o Th’ch M∏ LÒc		2004	1
50513001	5	5	13	1	Gem3_1_15	1	Ho‡ng B‰o Th’ch (C§p 5)		75000	1000	-1	-1	-1	-1	-1	-1	-1	-1	-1	-1	-1	-1	-1	-1	-1	-1	-1	-1	-1	-1	-1	-1	-1	-1	-1	-1	-1	-1	-1	-1	-1	-1	-1	-1	-1	-1	-1	-1	-1	-1	-1	-1	138	-1	-1	-1	-1	-1	-1	-1	-1	-1	-1	-1	-1	-1	-1	-1	-1	-1	-1	-1	-1	-1	FFFFFF66	B‰o Th’ch Vßn MÆnh		2004	1
50513002	5	5	13	2	Gem3_1_16	1	Lam B‰o Th’ch (C§p 5)		75000	1000	-1	-1	-1	-1	-1	-1	-1	-1	-1	-1	-1	-1	-1	-1	-1	-1	-1	-1	-1	-1	-1	-1	-1	-1	-1	-1	-1	-1	-1	-1	-1	-1	-1	-1	-1	-1	-1	-1	-1	-1	-1	-1	-1	138	-1	-1	-1	-1	-1	-1	-1	-1	-1	-1	-1	-1	-1	-1	-1	-1	-1	-1	-1	-1	FFFFFF66	B‰o Th’ch Vßn MÆnh		2004	1
50513003	5	5	13	3	Gem3_1_7	1	L¯c B‰o Th’ch (C§p 5)		75000	1000	-1	-1	-1	-1	-1	-1	-1	-1	-1	-1	-1	-1	-1	-1	-1	-1	-1	-1	-1	-1	-1	-1	-1	-1	-1	-1	-1	-1	-1	-1	-1	-1	-1	-1	-1	-1	-1	-1	-1	-1	-1	-1	-1	-1	-1	-1	74	-1	-1	-1	-1	-1	-1	-1	-1	-1	-1	-1	-1	-1	-1	-1	-1	-1	FFFFFF66	B‰o Th’ch Vßn MÆnh		2004	1
50513004	5	5	13	4	Gem3_2_2	1	H∞ng B‰o Th’ch (C§p 5)		75000	1000	-1	-1	-1	-1	-1	-1	-1	-1	-1	-1	-1	-1	-1	-1	-1	-1	-1	-1	-1	-1	-1	-1	-1	-1	-1	-1	-1	-1	-1	-1	-1	-1	-1	-1	-1	-1	-1	-1	-1	-1	-1	-1	-1	-1	137	-1	-1	-1	-1	-1	-1	-1	-1	-1	-1	-1	-1	-1	-1	-1	-1	-1	-1	-1	FFFFFF66	B‰o Th’ch Vßn MÆnh		2004	1
50513005	5	5	13	5	Gem3_2_3	1	H°c B‰o Th’ch (C§p 5)		75000	1000	-1	-1	-1	-1	-1	-1	-1	-1	-1	-1	-1	-1	-1	-1	-1	-1	-1	-1	-1	-1	-1	-1	-1	-1	-1	-1	-1	-1	-1	-1	-1	-1	-1	-1	-1	-1	-1	-1	-1	-1	-1	-1	-1	-1	-1	137	-1	-1	-1	-1	-1	-1	-1	-1	-1	-1	-1	-1	-1	-1	-1	-1	-1	-1	FFFFFF66	B‰o Th’ch Vßn MÆnh		2004	1
50513006	5	5	13	6	Gem3_2_7	1	Huy™t Tinh Th’ch (C§p 5)		75000	1000	7548	-1	-1	-1	-1	-1	-1	-1	-1	-1	-1	-1	-1	-1	-1	-1	-1	-1	-1	-1	-1	-1	-1	-1	-1	-1	-1	-1	-1	-1	-1	-1	-1	-1	-1	-1	-1	-1	-1	-1	-1	-1	-1	-1	-1	-1	-1	-1	-1	-1	-1	-1	-1	-1	-1	-1	-1	-1	-1	-1	-1	-1	-1	-1	FFFFFF66	B‰o Th’ch Vßn MÆnh		2004	1
50514001	5	5	14	1	Gem3_1_14	1	T± MÁu L¯c (C§p 5)		100000	1000	-1	-1	-1	-1	-1	-1	-1	-1	-1	-1	-1	-1	-1	-1	-1	-1	-1	-1	-1	-1	-1	-1	-1	-1	-1	-1	-1	-1	-1	-1	-1	-1	-1	-1	-1	-1	494	-1	-1	-1	-1	-1	-1	-1	-1	-1	-1	-1	-1	-1	-1	-1	-1	-1	-1	-1	-1	-1	-1	-1	-1	-1	-1	-1	FFFFFF66	B‰o Th’ch ThiÍn CΩ		2004	1
50521001	5	5	21	1	Gemjiankang_2	1	Ho‡ng Minh Th’ch (C§p 5)		300000	2000	-1	-1	-1	-1	-1	-1	-1	-1	-1	-1	-1	-1	-1	-1	-1	-1	-1	-1	-1	-1	-1	-1	-1	-1	-1	-1	-1	-1	-1	-1	-1	-1	-1	-1	-1	-1	-1	-1	-1	-1	-1	-1	-1	-1	-1	-1	-1	-1	-1	-1	-1	-1	-1	-1	-1	-1	50	-1	-1	-1	-1	-1	-1	-1	FFFFFF99	B‰o Th’ch Th°ng L˛i		2004	1
50521002	5	5	21	2	Gemjiankang_14	1	Lam Minh Th’ch (C§p 5)		300000	2000	-1	-1	-1	-1	-1	-1	-1	-1	-1	-1	-1	-1	-1	-1	-1	-1	-1	-1	-1	-1	-1	-1	-1	-1	-1	-1	-1	-1	-1	-1	-1	-1	-1	-1	-1	-1	-1	-1	-1	-1	-1	-1	-1	-1	-1	-1	-1	-1	-1	-1	-1	-1	-1	-1	50	-1	-1	-1	-1	-1	-1	-1	-1	-1	FFFFFF99	B‰o Th’ch Th°ng L˛i		2004	1
50521003	5	5	21	3	Gemjiankang_10	1	H∞ng Minh Th’ch (C§p 5)		300000	2000	-1	-1	-1	-1	-1	-1	-1	-1	-1	-1	-1	-1	-1	-1	-1	-1	-1	-1	-1	-1	-1	-1	-1	-1	-1	-1	-1	-1	-1	-1	-1	-1	-1	-1	-1	-1	-1	-1	-1	-1	-1	-1	-1	-1	-1	-1	-1	-1	-1	-1	-1	-1	-1	-1	-1	50	-1	-1	-1	-1	-1	-1	-1	-1	FFFFFF99	B‰o Th’ch Th°ng L˛i		2004	1
50521004	5	5	21	4	Gemjiankang_6	1	L¯c Minh Th’ch (C§p 5)		300000	2000	-1	-1	-1	-1	-1	-1	-1	-1	-1	-1	-1	-1	-1	-1	-1	-1	-1	-1	-1	-1	-1	-1	-1	-1	-1	-1	-1	-1	-1	-1	-1	-1	-1	-1	-1	-1	-1	-1	-1	-1	-1	-1	-1	-1	-1	-1	-1	-1	-1	-1	-1	-1	-1	-1	-1	-1	-1	50	-1	-1	-1	-1	-1	-1	FFFFFF99	B‰o Th’ch Th°ng L˛i		2004	1
50601001	5	6	1	1	Gem6_2_4	1	MiÍu Nh„n Th’ch (C§p 6)		50000	1000	-1	-1	-1	-1	-1	-1	-1	-1	-1	-1	-1	-1	-1	-1	-1	-1	-1	-1	-1	-1	-1	-1	-1	-1	-1	-1	1997	-1	-1	-1	-1	-1	-1	-1	-1	-1	-1	-1	-1	-1	-1	-1	-1	-1	-1	-1	-1	-1	-1	-1	-1	-1	-1	-1	-1	-1	-1	-1	-1	-1	-1	-1	-1	-1	FFFFFFB2	B‰o Th’ch Hy V˜ng		2004	1
50601002	5	6	1	2	Gem6_1_1	1	H± Nh„n Th’ch (C§p 6)		50000	1000	-1	-1	-1	-1	-1	-1	-1	-1	-1	-1	-1	-1	-1	-1	-1	-1	-1	-1	-1	1997	-1	-1	-1	-1	-1	-1	-1	-1	-1	-1	-1	-1	-1	-1	-1	-1	-1	-1	-1	-1	-1	-1	-1	-1	-1	-1	-1	-1	-1	-1	-1	-1	-1	-1	-1	-1	-1	-1	-1	-1	-1	-1	-1	-1	FFFFFFB2	B‰o Th’ch Hy V˜ng		2004	1
50602001	5	6	2	1	Gem6_1_3	1	Ho‡ng Tinh Th’ch (C§p 6)		150000	1000	-1	-1	-1	-1	-1	-1	-1	-1	-1	-1	-1	-1	35	-1	-1	-1	-1	-1	-1	-1	-1	-1	-1	-1	-1	-1	-1	-1	-1	-1	-1	-1	-1	-1	-1	-1	-1	-1	-1	-1	-1	-1	-1	-1	-1	-1	-1	-1	-1	-1	-1	-1	-1	-1	-1	-1	-1	-1	-1	-1	-1	-1	-1	-1	FFFFFFB2	B‰o Th’ch TrÌ TuÆ		2004	1
50602002	5	6	2	2	Gem6_1_4	1	Lam Tinh Th’ch (C§p 6)		150000	1000	-1	-1	-1	-1	-1	-1	35	-1	-1	-1	-1	-1	-1	-1	-1	-1	-1	-1	-1	-1	-1	-1	-1	-1	-1	-1	-1	-1	-1	-1	-1	-1	-1	-1	-1	-1	-1	-1	-1	-1	-1	-1	-1	-1	-1	-1	-1	-1	-1	-1	-1	-1	-1	-1	-1	-1	-1	-1	-1	-1	-1	-1	-1	-1	FFFFFFB2	B‰o Th’ch TrÌ TuÆ		2004	1
50602003	5	6	2	3	Gem6_1_5	1	H∞ng Tinh Th’ch (C§p 6)		150000	1000	-1	-1	-1	-1	-1	-1	-1	-1	-1	35	-1	-1	-1	-1	-1	-1	-1	-1	-1	-1	-1	-1	-1	-1	-1	-1	-1	-1	-1	-1	-1	-1	-1	-1	-1	-1	-1	-1	-1	-1	-1	-1	-1	-1	-1	-1	-1	-1	-1	-1	-1	-1	-1	-1	-1	-1	-1	-1	-1	-1	-1	-1	-1	-1	FFFFFFB2	B‰o Th’ch TrÌ TuÆ		2004	1
50602004	5	6	2	4	Gem6_1_6	1	L¯c Tinh Th’ch (C§p 6)		150000	1000	-1	-1	-1	-1	-1	-1	-1	-1	-1	-1	-1	-1	-1	-1	-1	35	-1	-1	-1	-1	-1	-1	-1	-1	-1	-1	-1	-1	-1	-1	-1	-1	-1	-1	-1	-1	-1	-1	-1	-1	-1	-1	-1	-1	-1	-1	-1	-1	-1	-1	-1	-1	-1	-1	-1	-1	-1	-1	-1	-1	-1	-1	-1	-1	FFFFFFB2	B‰o Th’ch TrÌ TuÆ		2004	1
50602005	5	6	2	5	Gem6_2_5	1	Thu•n T∏nh Ho‡ng Tinh Th’ch (C§p 6)		300000	2000	-1	-1	-1	-1	-1	-1	-1	-1	-1	-1	-1	-1	170	-1	-1	-1	-1	-1	-1	-1	-1	-1	-1	-1	-1	-1	-1	-1	-1	-1	-1	-1	-1	-1	-1	-1	-1	-1	-1	-1	-1	-1	-1	-1	-1	-1	-1	-1	-1	-1	-1	-1	-1	-1	-1	-1	-1	-1	-1	-1	-1	-1	-1	-1	FFFFFFB2	B‰o Th’ch TrÌ TuÆ		2004	1
50602006	5	6	2	6	Gem6_2_9	1	Thu•n T∏nh Lam Tinh Th’ch (C§p 6)		300000	2000	-1	-1	-1	-1	-1	-1	170	-1	-1	-1	-1	-1	-1	-1	-1	-1	-1	-1	-1	-1	-1	-1	-1	-1	-1	-1	-1	-1	-1	-1	-1	-1	-1	-1	-1	-1	-1	-1	-1	-1	-1	-1	-1	-1	-1	-1	-1	-1	-1	-1	-1	-1	-1	-1	-1	-1	-1	-1	-1	-1	-1	-1	-1	-1	FFFFFFB2	B‰o Th’ch TrÌ TuÆ		2004	1
50602007	5	6	2	7	Gem6_2_13	1	Thu•n T∏nh H∞ng Tinh Th’ch (C§p 6)		300000	2000	-1	-1	-1	-1	-1	-1	-1	-1	-1	170	-1	-1	-1	-1	-1	-1	-1	-1	-1	-1	-1	-1	-1	-1	-1	-1	-1	-1	-1	-1	-1	-1	-1	-1	-1	-1	-1	-1	-1	-1	-1	-1	-1	-1	-1	-1	-1	-1	-1	-1	-1	-1	-1	-1	-1	-1	-1	-1	-1	-1	-1	-1	-1	-1	FFFFFFB2	B‰o Th’ch TrÌ TuÆ		2004	1
50602008	5	6	2	8	Gem6_2_6	1	Thu•n T∏nh L¯c Tinh Th’ch (C§p 6)		300000	2000	-1	-1	-1	-1	-1	-1	-1	-1	-1	-1	-1	-1	-1	-1	-1	170	-1	-1	-1	-1	-1	-1	-1	-1	-1	-1	-1	-1	-1	-1	-1	-1	-1	-1	-1	-1	-1	-1	-1	-1	-1	-1	-1	-1	-1	-1	-1	-1	-1	-1	-1	-1	-1	-1	-1	-1	-1	-1	-1	-1	-1	-1	-1	-1	FFFFFFB2	B‰o Th’ch TrÌ TuÆ		2004	1
50603001	5	6	3	1	Gem6_1_2	1	Tÿ Ng˜c (C§p 6)		100000	1000	-1	-1	-1	-1	-1	-1	-1	-1	-1	-1	-1	-1	-1	-1	-1	-1	-1	-1	-1	-1	-1	-1	-1	-1	-1	-1	-1	-1	-1	-1	-1	-1	-1	-1	-1	2223	-1	-1	-1	-1	-1	-1	-1	-1	-1	-1	-1	-1	-1	-1	-1	-1	-1	-1	-1	-1	-1	-1	-1	-1	-1	-1	-1	-1	FFFFFFB2	B‰o Th’ch Huy´n Vi		2004	1
50604002	5	6	4	2	Gem6_1_8	1	Bi™n Th’ch (C§p 6)		250000	1000	-1	-1	-1	-1	-1	-1	-1	-1	-1	-1	-1	-1	-1	-1	-1	-1	-1	-1	-1	-1	-1	-1	-1	-1	-1	-1	-1	-1	-1	-1	-1	-1	-1	-1	-1	-1	-1	11	-1	-1	-1	-1	-1	-1	-1	-1	-1	-1	-1	-1	-1	-1	-1	-1	-1	-1	-1	-1	-1	-1	-1	-1	-1	-1	FFFFFFB2	B‰o Th’ch ƒo Minh		2004	1
50611001	5	6	11	1	Gem6_1_9	1	Th’ch LÒuth’ch (C§p 6)		50000	1000	-1	-1	-1	-1	-1	-1	-1	-1	-1	-1	-1	-1	-1	-1	-1	-1	-1	-1	-1	-1	-1	-1	-1	-1	-1	-1	-1	-1	-1	1988	-1	-1	-1	-1	-1	-1	-1	-1	-1	-1	-1	-1	-1	-1	-1	-1	-1	-1	-1	-1	-1	-1	-1	-1	-1	-1	-1	-1	-1	-1	-1	-1	-1	-1	FFFFFF66	B‰o Th’ch Sinh MÆnh		2004	1
50611002	5	6	11	2	Gem6_1_12	1	TiÍm Tinh Th’ch (C§p 6)		50000	1000	-1	-1	-1	-1	-1	-1	-1	-1	-1	-1	-1	-1	-1	-1	-1	-1	-1	-1	-1	-1	-1	-1	1988	-1	-1	-1	-1	-1	-1	-1	-1	-1	-1	-1	-1	-1	-1	-1	-1	-1	-1	-1	-1	-1	-1	-1	-1	-1	-1	-1	-1	-1	-1	-1	-1	-1	-1	-1	-1	-1	-1	-1	-1	-1	FFFFFF66	B‰o Th’ch Sinh MÆnh		2004	1
50612001	5	6	12	1	Gem6_1_11	1	Ho‡ng Ng˜c (C§p 6)		150000	1000	-1	-1	-1	-1	-1	-1	-1	-1	-1	-1	-1	-1	-1	14	-1	-1	-1	-1	-1	-1	-1	-1	-1	-1	-1	-1	-1	-1	-1	-1	-1	-1	-1	-1	-1	-1	-1	-1	-1	-1	-1	-1	-1	-1	-1	-1	-1	-1	-1	-1	-1	-1	-1	-1	-1	-1	-1	-1	-1	-1	-1	-1	-1	-1	FFFFFF66	B‰o Th’ch M∏ LÒc		2004	1
50612002	5	6	12	2	Gem6_1_10	1	H’o Th’ch (C§p 6)		150000	1000	-1	-1	-1	-1	-1	-1	-1	14	-1	-1	-1	-1	-1	-1	-1	-1	-1	-1	-1	-1	-1	-1	-1	-1	-1	-1	-1	-1	-1	-1	-1	-1	-1	-1	-1	-1	-1	-1	-1	-1	-1	-1	-1	-1	-1	-1	-1	-1	-1	-1	-1	-1	-1	-1	-1	-1	-1	-1	-1	-1	-1	-1	-1	-1	FFFFFF66	B‰o Th’ch M∏ LÒc		2004	1
50612003	5	6	12	3	Gem6_1_13	1	NguyÆt Quang Th’ch (C§p 6)		150000	1000	-1	-1	-1	-1	-1	-1	-1	-1	-1	-1	14	-1	-1	-1	-1	-1	-1	-1	-1	-1	-1	-1	-1	-1	-1	-1	-1	-1	-1	-1	-1	-1	-1	-1	-1	-1	-1	-1	-1	-1	-1	-1	-1	-1	-1	-1	-1	-1	-1	-1	-1	-1	-1	-1	-1	-1	-1	-1	-1	-1	-1	-1	-1	-1	FFFFFF66	B‰o Th’ch M∏ LÒc		2004	1
50612004	5	6	12	4	Gem6_2_1	1	BÌch T÷ (C§p 6)		150000	1000	-1	-1	-1	-1	-1	-1	-1	-1	-1	-1	-1	-1	-1	-1	-1	-1	14	-1	-1	-1	-1	-1	-1	-1	-1	-1	-1	-1	-1	-1	-1	-1	-1	-1	-1	-1	-1	-1	-1	-1	-1	-1	-1	-1	-1	-1	-1	-1	-1	-1	-1	-1	-1	-1	-1	-1	-1	-1	-1	-1	-1	-1	-1	-1	FFFFFF66	B‰o Th’ch M∏ LÒc		2004	1
50612005	5	6	12	5	Gem6_2_10	1	Thu•n T∏nh Ho‡ng Ng˜c (C§p 6)		300000	2000	-1	-1	-1	-1	-1	-1	-1	-1	-1	-1	-1	-1	-1	70	-1	-1	-1	-1	-1	-1	-1	-1	-1	-1	-1	-1	-1	-1	-1	-1	-1	-1	-1	-1	-1	-1	-1	-1	-1	-1	-1	-1	-1	-1	-1	-1	-1	-1	-1	-1	-1	-1	-1	-1	-1	-1	-1	-1	-1	-1	-1	-1	-1	-1	FFFFFFB2	B‰o Th’ch M∏ LÒc		2004	1
50612006	5	6	12	6	Gem6_2_14	1	Thu•n T∏nh H’o Th’ch (C§p 6)		300000	2000	-1	-1	-1	-1	-1	-1	-1	70	-1	-1	-1	-1	-1	-1	-1	-1	-1	-1	-1	-1	-1	-1	-1	-1	-1	-1	-1	-1	-1	-1	-1	-1	-1	-1	-1	-1	-1	-1	-1	-1	-1	-1	-1	-1	-1	-1	-1	-1	-1	-1	-1	-1	-1	-1	-1	-1	-1	-1	-1	-1	-1	-1	-1	-1	FFFFFFB2	B‰o Th’ch M∏ LÒc		2004	1
50612007	5	6	12	7	Gem6_2_11	1	Thu•n T∏nh D’ Quang Th’ch (C§p 6)		300000	2000	-1	-1	-1	-1	-1	-1	-1	-1	-1	-1	70	-1	-1	-1	-1	-1	-1	-1	-1	-1	-1	-1	-1	-1	-1	-1	-1	-1	-1	-1	-1	-1	-1	-1	-1	-1	-1	-1	-1	-1	-1	-1	-1	-1	-1	-1	-1	-1	-1	-1	-1	-1	-1	-1	-1	-1	-1	-1	-1	-1	-1	-1	-1	-1	FFFFFFB2	B‰o Th’ch M∏ LÒc		2004	1
50612008	5	6	12	8	Gem6_2_15	1	Thu•n T∏nh BÌch T÷ (C§p 6)		300000	2000	-1	-1	-1	-1	-1	-1	-1	-1	-1	-1	-1	-1	-1	-1	-1	-1	70	-1	-1	-1	-1	-1	-1	-1	-1	-1	-1	-1	-1	-1	-1	-1	-1	-1	-1	-1	-1	-1	-1	-1	-1	-1	-1	-1	-1	-1	-1	-1	-1	-1	-1	-1	-1	-1	-1	-1	-1	-1	-1	-1	-1	-1	-1	-1	FFFFFFB2	B‰o Th’ch M∏ LÒc		2004	1
50613001	5	6	13	1	Gem6_1_15	1	Ho‡ng B‰o Th’ch (C§p 6)		75000	1000	-1	-1	-1	-1	-1	-1	-1	-1	-1	-1	-1	-1	-1	-1	-1	-1	-1	-1	-1	-1	-1	-1	-1	-1	-1	-1	-1	-1	-1	-1	-1	-1	-1	-1	-1	-1	-1	-1	-1	-1	-1	-1	207	-1	-1	-1	-1	-1	-1	-1	-1	-1	-1	-1	-1	-1	-1	-1	-1	-1	-1	-1	-1	-1	FFFFFF66	B‰o Th’ch Vßn MÆnh		2004	1
50613002	5	6	13	2	Gem6_1_16	1	Lam B‰o Th’ch (C§p 6)		75000	1000	-1	-1	-1	-1	-1	-1	-1	-1	-1	-1	-1	-1	-1	-1	-1	-1	-1	-1	-1	-1	-1	-1	-1	-1	-1	-1	-1	-1	-1	-1	-1	-1	-1	-1	-1	-1	-1	-1	-1	-1	-1	-1	-1	207	-1	-1	-1	-1	-1	-1	-1	-1	-1	-1	-1	-1	-1	-1	-1	-1	-1	-1	-1	-1	FFFFFF66	B‰o Th’ch Vßn MÆnh		2004	1
50613003	5	6	13	3	Gem6_1_7	1	L¯c B‰o Th’ch (C§p 6)		75000	1000	-1	-1	-1	-1	-1	-1	-1	-1	-1	-1	-1	-1	-1	-1	-1	-1	-1	-1	-1	-1	-1	-1	-1	-1	-1	-1	-1	-1	-1	-1	-1	-1	-1	-1	-1	-1	-1	-1	-1	-1	-1	-1	-1	-1	-1	-1	112	-1	-1	-1	-1	-1	-1	-1	-1	-1	-1	-1	-1	-1	-1	-1	-1	-1	FFFFFF66	B‰o Th’ch Vßn MÆnh		2004	1
50613004	5	6	13	4	Gem6_2_2	1	H∞ng B‰o Th’ch (C§p 6)		75000	1000	-1	-1	-1	-1	-1	-1	-1	-1	-1	-1	-1	-1	-1	-1	-1	-1	-1	-1	-1	-1	-1	-1	-1	-1	-1	-1	-1	-1	-1	-1	-1	-1	-1	-1	-1	-1	-1	-1	-1	-1	-1	-1	-1	-1	206	-1	-1	-1	-1	-1	-1	-1	-1	-1	-1	-1	-1	-1	-1	-1	-1	-1	-1	-1	FFFFFF66	B‰o Th’ch Vßn MÆnh		2004	1
50613005	5	6	13	5	Gem6_2_3	1	H°c B‰o Th’ch (C§p 6)		75000	1000	-1	-1	-1	-1	-1	-1	-1	-1	-1	-1	-1	-1	-1	-1	-1	-1	-1	-1	-1	-1	-1	-1	-1	-1	-1	-1	-1	-1	-1	-1	-1	-1	-1	-1	-1	-1	-1	-1	-1	-1	-1	-1	-1	-1	-1	206	-1	-1	-1	-1	-1	-1	-1	-1	-1	-1	-1	-1	-1	-1	-1	-1	-1	-1	FFFFFF66	B‰o Th’ch Vßn MÆnh		2004	1
50613006	5	6	13	6	Gem6_2_7	1	Huy™t Tinh Th’ch (C§p 6)		75000	1000	11314	-1	-1	-1	-1	-1	-1	-1	-1	-1	-1	-1	-1	-1	-1	-1	-1	-1	-1	-1	-1	-1	-1	-1	-1	-1	-1	-1	-1	-1	-1	-1	-1	-1	-1	-1	-1	-1	-1	-1	-1	-1	-1	-1	-1	-1	-1	-1	-1	-1	-1	-1	-1	-1	-1	-1	-1	-1	-1	-1	-1	-1	-1	-1	FFFFFF66	B‰o Th’ch Vßn MÆnh		2004	1
50614001	5	6	14	1	Gem6_1_14	1	T± MÁu L¯c (C§p 6)		100000	1000	-1	-1	-1	-1	-1	-1	-1	-1	-1	-1	-1	-1	-1	-1	-1	-1	-1	-1	-1	-1	-1	-1	-1	-1	-1	-1	-1	-1	-1	-1	-1	-1	-1	-1	-1	-1	741	-1	-1	-1	-1	-1	-1	-1	-1	-1	-1	-1	-1	-1	-1	-1	-1	-1	-1	-1	-1	-1	-1	-1	-1	-1	-1	-1	FFFFFF66	B‰o Th’ch ThiÍn CΩ		2004	1
50621001	5	6	21	1	Gemjiankang_3	1	Ho‡ng Minh Th’ch (C§p 6)		300000	2000	-1	-1	-1	-1	-1	-1	-1	-1	-1	-1	-1	-1	-1	-1	-1	-1	-1	-1	-1	-1	-1	-1	-1	-1	-1	-1	-1	-1	-1	-1	-1	-1	-1	-1	-1	-1	-1	-1	-1	-1	-1	-1	-1	-1	-1	-1	-1	-1	-1	-1	-1	-1	-1	-1	-1	-1	70	-1	-1	-1	-1	-1	-1	-1	FFFFFFB2	B‰o Th’ch Th°ng L˛i		2004	1
50621002	5	6	21	2	Gemjiankang_15	1	Lam Minh Th’ch (C§p 6)		300000	2000	-1	-1	-1	-1	-1	-1	-1	-1	-1	-1	-1	-1	-1	-1	-1	-1	-1	-1	-1	-1	-1	-1	-1	-1	-1	-1	-1	-1	-1	-1	-1	-1	-1	-1	-1	-1	-1	-1	-1	-1	-1	-1	-1	-1	-1	-1	-1	-1	-1	-1	-1	-1	-1	-1	70	-1	-1	-1	-1	-1	-1	-1	-1	-1	FFFFFFB2	B‰o Th’ch Th°ng L˛i		2004	1
50621003	5	6	21	3	Gemjiankang_11	1	H∞ng Minh Th’ch (C§p 6)		300000	2000	-1	-1	-1	-1	-1	-1	-1	-1	-1	-1	-1	-1	-1	-1	-1	-1	-1	-1	-1	-1	-1	-1	-1	-1	-1	-1	-1	-1	-1	-1	-1	-1	-1	-1	-1	-1	-1	-1	-1	-1	-1	-1	-1	-1	-1	-1	-1	-1	-1	-1	-1	-1	-1	-1	-1	70	-1	-1	-1	-1	-1	-1	-1	-1	FFFFFFB2	B‰o Th’ch Th°ng L˛i		2004	1
50621004	5	6	21	4	Gemjiankang_7	1	L¯c Minh Th’ch (C§p 6)		300000	2000	-1	-1	-1	-1	-1	-1	-1	-1	-1	-1	-1	-1	-1	-1	-1	-1	-1	-1	-1	-1	-1	-1	-1	-1	-1	-1	-1	-1	-1	-1	-1	-1	-1	-1	-1	-1	-1	-1	-1	-1	-1	-1	-1	-1	-1	-1	-1	-1	-1	-1	-1	-1	-1	-1	-1	-1	-1	70	-1	-1	-1	-1	-1	-1	FFFFFFB2	B‰o Th’ch Th°ng L˛i		2004	1
50701001	5	7	1	1	Gem6_2_4	1	MiÍu Nh„n Th’ch (C§p 7)		50000	1000	-1	-1	-1	-1	-1	-1	-1	-1	-1	-1	-1	-1	-1	-1	-1	-1	-1	-1	-1	-1	-1	-1	-1	-1	-1	-1	2596	-1	-1	-1	-1	-1	-1	-1	-1	-1	-1	-1	-1	-1	-1	-1	-1	-1	-1	-1	-1	-1	-1	-1	-1	-1	-1	-1	-1	-1	-1	-1	-1	-1	-1	-1	-1	-1	FFFFFFCC	B‰o Th’ch Hy V˜ng		2004	1
50701002	5	7	1	2	Gem6_1_1	1	H± Nh„n Th’ch (C§p 7)		50000	1000	-1	-1	-1	-1	-1	-1	-1	-1	-1	-1	-1	-1	-1	-1	-1	-1	-1	-1	-1	2596	-1	-1	-1	-1	-1	-1	-1	-1	-1	-1	-1	-1	-1	-1	-1	-1	-1	-1	-1	-1	-1	-1	-1	-1	-1	-1	-1	-1	-1	-1	-1	-1	-1	-1	-1	-1	-1	-1	-1	-1	-1	-1	-1	-1	FFFFFFCC	B‰o Th’ch Hy V˜ng		2004	1
50702001	5	7	2	1	Gem6_1_3	1	Ho‡ng Tinh Th’ch (C§p 7)		150000	1000	-1	-1	-1	-1	-1	-1	-1	-1	-1	-1	-1	-1	40	-1	-1	-1	-1	-1	-1	-1	-1	-1	-1	-1	-1	-1	-1	-1	-1	-1	-1	-1	-1	-1	-1	-1	-1	-1	-1	-1	-1	-1	-1	-1	-1	-1	-1	-1	-1	-1	-1	-1	-1	-1	-1	-1	-1	-1	-1	-1	-1	-1	-1	-1	FFFFFFCC	B‰o Th’ch TrÌ TuÆ		2004	1
50702002	5	7	2	2	Gem6_1_4	1	Lam Tinh Th’ch (C§p 7)		150000	1000	-1	-1	-1	-1	-1	-1	40	-1	-1	-1	-1	-1	-1	-1	-1	-1	-1	-1	-1	-1	-1	-1	-1	-1	-1	-1	-1	-1	-1	-1	-1	-1	-1	-1	-1	-1	-1	-1	-1	-1	-1	-1	-1	-1	-1	-1	-1	-1	-1	-1	-1	-1	-1	-1	-1	-1	-1	-1	-1	-1	-1	-1	-1	-1	FFFFFFCC	B‰o Th’ch TrÌ TuÆ		2004	1
50702003	5	7	2	3	Gem6_1_5	1	H∞ng Tinh Th’ch (C§p 7)		150000	1000	-1	-1	-1	-1	-1	-1	-1	-1	-1	40	-1	-1	-1	-1	-1	-1	-1	-1	-1	-1	-1	-1	-1	-1	-1	-1	-1	-1	-1	-1	-1	-1	-1	-1	-1	-1	-1	-1	-1	-1	-1	-1	-1	-1	-1	-1	-1	-1	-1	-1	-1	-1	-1	-1	-1	-1	-1	-1	-1	-1	-1	-1	-1	-1	FFFFFFCC	B‰o Th’ch TrÌ TuÆ		2004	1
50702004	5	7	2	4	Gem6_1_6	1	L¯c Tinh Th’ch (C§p 7)		150000	1000	-1	-1	-1	-1	-1	-1	-1	-1	-1	-1	-1	-1	-1	-1	-1	40	-1	-1	-1	-1	-1	-1	-1	-1	-1	-1	-1	-1	-1	-1	-1	-1	-1	-1	-1	-1	-1	-1	-1	-1	-1	-1	-1	-1	-1	-1	-1	-1	-1	-1	-1	-1	-1	-1	-1	-1	-1	-1	-1	-1	-1	-1	-1	-1	FFFFFFCC	B‰o Th’ch TrÌ TuÆ		2004	1
50702005	5	7	2	5	Gem6_2_5	1	Thu•n T∏nh Ho‡ng Tinh Th’ch (C§p 7)		300000	2000	-1	-1	-1	-1	-1	-1	-1	-1	-1	-1	-1	-1	230	-1	-1	-1	-1	-1	-1	-1	-1	-1	-1	-1	-1	-1	-1	-1	-1	-1	-1	-1	-1	-1	-1	-1	-1	-1	-1	-1	-1	-1	-1	-1	-1	-1	-1	-1	-1	-1	-1	-1	-1	-1	-1	-1	-1	-1	-1	-1	-1	-1	-1	-1	FFFFFFCC	B‰o Th’ch TrÌ TuÆ		2004	1
50702006	5	7	2	6	Gem6_2_9	1	Thu•n T∏nh Lam Tinh Th’ch (C§p 7)		300000	2000	-1	-1	-1	-1	-1	-1	230	-1	-1	-1	-1	-1	-1	-1	-1	-1	-1	-1	-1	-1	-1	-1	-1	-1	-1	-1	-1	-1	-1	-1	-1	-1	-1	-1	-1	-1	-1	-1	-1	-1	-1	-1	-1	-1	-1	-1	-1	-1	-1	-1	-1	-1	-1	-1	-1	-1	-1	-1	-1	-1	-1	-1	-1	-1	FFFFFFCC	B‰o Th’ch TrÌ TuÆ		2004	1
50702007	5	7	2	7	Gem6_2_13	1	Thu•n T∏nh H∞ng Tinh Th’ch (C§p 7)		300000	2000	-1	-1	-1	-1	-1	-1	-1	-1	-1	230	-1	-1	-1	-1	-1	-1	-1	-1	-1	-1	-1	-1	-1	-1	-1	-1	-1	-1	-1	-1	-1	-1	-1	-1	-1	-1	-1	-1	-1	-1	-1	-1	-1	-1	-1	-1	-1	-1	-1	-1	-1	-1	-1	-1	-1	-1	-1	-1	-1	-1	-1	-1	-1	-1	FFFFFFCC	B‰o Th’ch TrÌ TuÆ		2004	1
50702008	5	7	2	8	Gem6_2_6	1	Thu•n T∏nh L¯c Tinh Th’ch (C§p 7)		300000	2000	-1	-1	-1	-1	-1	-1	-1	-1	-1	-1	-1	-1	-1	-1	-1	230	-1	-1	-1	-1	-1	-1	-1	-1	-1	-1	-1	-1	-1	-1	-1	-1	-1	-1	-1	-1	-1	-1	-1	-1	-1	-1	-1	-1	-1	-1	-1	-1	-1	-1	-1	-1	-1	-1	-1	-1	-1	-1	-1	-1	-1	-1	-1	-1	FFFFFFCC	B‰o Th’ch TrÌ TuÆ		2004	1
50703001	5	7	3	1	Gem6_1_2	1	Tÿ Ng˜c (C§p 7)		100000	1000	-1	-1	-1	-1	-1	-1	-1	-1	-1	-1	-1	-1	-1	-1	-1	-1	-1	-1	-1	-1	-1	-1	-1	-1	-1	-1	-1	-1	-1	-1	-1	-1	-1	-1	-1	2889	-1	-1	-1	-1	-1	-1	-1	-1	-1	-1	-1	-1	-1	-1	-1	-1	-1	-1	-1	-1	-1	-1	-1	-1	-1	-1	-1	-1	FFFFFFCC	B‰o Th’ch Huy´n Vi		2004	1
50704002	5	7	4	2	Gem6_1_8	1	Bi™n Th’ch (C§p 7)		250000	1000	-1	-1	-1	-1	-1	-1	-1	-1	-1	-1	-1	-1	-1	-1	-1	-1	-1	-1	-1	-1	-1	-1	-1	-1	-1	-1	-1	-1	-1	-1	-1	-1	-1	-1	-1	-1	-1	18	-1	-1	-1	-1	-1	-1	-1	-1	-1	-1	-1	-1	-1	-1	-1	-1	-1	-1	-1	-1	-1	-1	-1	-1	-1	-1	FFFFFFCC	B‰o Th’ch ƒo Minh		2004	1
50711001	5	7	11	1	Gem6_1_9	1	Th’ch LÒuth’ch (C§p 7)		50000	1000	-1	-1	-1	-1	-1	-1	-1	-1	-1	-1	-1	-1	-1	-1	-1	-1	-1	-1	-1	-1	-1	-1	-1	-1	-1	-1	-1	-1	-1	2584	-1	-1	-1	-1	-1	-1	-1	-1	-1	-1	-1	-1	-1	-1	-1	-1	-1	-1	-1	-1	-1	-1	-1	-1	-1	-1	-1	-1	-1	-1	-1	-1	-1	-1	FFFFFF66	B‰o Th’ch Sinh MÆnh		2004	1
50711002	5	7	11	2	Gem6_1_12	1	TiÍm Tinh Th’ch (C§p 7)		50000	1000	-1	-1	-1	-1	-1	-1	-1	-1	-1	-1	-1	-1	-1	-1	-1	-1	-1	-1	-1	-1	-1	-1	2584	-1	-1	-1	-1	-1	-1	-1	-1	-1	-1	-1	-1	-1	-1	-1	-1	-1	-1	-1	-1	-1	-1	-1	-1	-1	-1	-1	-1	-1	-1	-1	-1	-1	-1	-1	-1	-1	-1	-1	-1	-1	FFFFFF66	B‰o Th’ch Sinh MÆnh		2004	1
50712001	5	7	12	1	Gem6_1_11	1	Ho‡ng Ng˜c (C§p 7)		150000	1000	-1	-1	-1	-1	-1	-1	-1	-1	-1	-1	-1	-1	-1	16	-1	-1	-1	-1	-1	-1	-1	-1	-1	-1	-1	-1	-1	-1	-1	-1	-1	-1	-1	-1	-1	-1	-1	-1	-1	-1	-1	-1	-1	-1	-1	-1	-1	-1	-1	-1	-1	-1	-1	-1	-1	-1	-1	-1	-1	-1	-1	-1	-1	-1	FFFFFF66	B‰o Th’ch M∏ LÒc		2004	1
50712002	5	7	12	2	Gem6_1_10	1	H’o Th’ch (C§p 7)		150000	1000	-1	-1	-1	-1	-1	-1	-1	16	-1	-1	-1	-1	-1	-1	-1	-1	-1	-1	-1	-1	-1	-1	-1	-1	-1	-1	-1	-1	-1	-1	-1	-1	-1	-1	-1	-1	-1	-1	-1	-1	-1	-1	-1	-1	-1	-1	-1	-1	-1	-1	-1	-1	-1	-1	-1	-1	-1	-1	-1	-1	-1	-1	-1	-1	FFFFFF66	B‰o Th’ch M∏ LÒc		2004	1
50712003	5	7	12	3	Gem6_1_13	1	NguyÆt Quang Th’ch (C§p 7)		150000	1000	-1	-1	-1	-1	-1	-1	-1	-1	-1	-1	16	-1	-1	-1	-1	-1	-1	-1	-1	-1	-1	-1	-1	-1	-1	-1	-1	-1	-1	-1	-1	-1	-1	-1	-1	-1	-1	-1	-1	-1	-1	-1	-1	-1	-1	-1	-1	-1	-1	-1	-1	-1	-1	-1	-1	-1	-1	-1	-1	-1	-1	-1	-1	-1	FFFFFF66	B‰o Th’ch M∏ LÒc		2004	1
50712004	5	7	12	4	Gem6_2_1	1	BÌch T÷ (C§p 7)		150000	1000	-1	-1	-1	-1	-1	-1	-1	-1	-1	-1	-1	-1	-1	-1	-1	-1	16	-1	-1	-1	-1	-1	-1	-1	-1	-1	-1	-1	-1	-1	-1	-1	-1	-1	-1	-1	-1	-1	-1	-1	-1	-1	-1	-1	-1	-1	-1	-1	-1	-1	-1	-1	-1	-1	-1	-1	-1	-1	-1	-1	-1	-1	-1	-1	FFFFFF66	B‰o Th’ch M∏ LÒc		2004	1
50712005	5	7	12	5	Gem6_2_10	1	Thu•n T∏nh Ho‡ng Ng˜c (C§p 7)		300000	2000	-1	-1	-1	-1	-1	-1	-1	-1	-1	-1	-1	-1	-1	90	-1	-1	-1	-1	-1	-1	-1	-1	-1	-1	-1	-1	-1	-1	-1	-1	-1	-1	-1	-1	-1	-1	-1	-1	-1	-1	-1	-1	-1	-1	-1	-1	-1	-1	-1	-1	-1	-1	-1	-1	-1	-1	-1	-1	-1	-1	-1	-1	-1	-1	FFFFFFCC	B‰o Th’ch M∏ LÒc		2004	1
50712006	5	7	12	6	Gem6_2_14	1	Thu•n T∏nh H’o Th’ch (C§p 7)		300000	2000	-1	-1	-1	-1	-1	-1	-1	90	-1	-1	-1	-1	-1	-1	-1	-1	-1	-1	-1	-1	-1	-1	-1	-1	-1	-1	-1	-1	-1	-1	-1	-1	-1	-1	-1	-1	-1	-1	-1	-1	-1	-1	-1	-1	-1	-1	-1	-1	-1	-1	-1	-1	-1	-1	-1	-1	-1	-1	-1	-1	-1	-1	-1	-1	FFFFFFCC	B‰o Th’ch M∏ LÒc		2004	1
50712007	5	7	12	7	Gem6_2_11	1	Thu•n T∏nh D’ Quang Th’ch (C§p 7)		300000	2000	-1	-1	-1	-1	-1	-1	-1	-1	-1	-1	90	-1	-1	-1	-1	-1	-1	-1	-1	-1	-1	-1	-1	-1	-1	-1	-1	-1	-1	-1	-1	-1	-1	-1	-1	-1	-1	-1	-1	-1	-1	-1	-1	-1	-1	-1	-1	-1	-1	-1	-1	-1	-1	-1	-1	-1	-1	-1	-1	-1	-1	-1	-1	-1	FFFFFFCC	B‰o Th’ch M∏ LÒc		2004	1
50712008	5	7	12	8	Gem6_2_15	1	Thu•n T∏nh BÌch T÷ (C§p 7)		300000	2000	-1	-1	-1	-1	-1	-1	-1	-1	-1	-1	-1	-1	-1	-1	-1	-1	90	-1	-1	-1	-1	-1	-1	-1	-1	-1	-1	-1	-1	-1	-1	-1	-1	-1	-1	-1	-1	-1	-1	-1	-1	-1	-1	-1	-1	-1	-1	-1	-1	-1	-1	-1	-1	-1	-1	-1	-1	-1	-1	-1	-1	-1	-1	-1	FFFFFFCC	B‰o Th’ch M∏ LÒc		2004	1
50713001	5	7	13	1	Gem6_1_15	1	Ho‡ng B‰o Th’ch (C§p 7)		75000	1000	-1	-1	-1	-1	-1	-1	-1	-1	-1	-1	-1	-1	-1	-1	-1	-1	-1	-1	-1	-1	-1	-1	-1	-1	-1	-1	-1	-1	-1	-1	-1	-1	-1	-1	-1	-1	-1	-1	-1	-1	-1	-1	270	-1	-1	-1	-1	-1	-1	-1	-1	-1	-1	-1	-1	-1	-1	-1	-1	-1	-1	-1	-1	-1	FFFFFF66	B‰o Th’ch Vßn MÆnh		2004	1
50713002	5	7	13	2	Gem6_1_16	1	Lam B‰o Th’ch (C§p 7)		75000	1000	-1	-1	-1	-1	-1	-1	-1	-1	-1	-1	-1	-1	-1	-1	-1	-1	-1	-1	-1	-1	-1	-1	-1	-1	-1	-1	-1	-1	-1	-1	-1	-1	-1	-1	-1	-1	-1	-1	-1	-1	-1	-1	-1	270	-1	-1	-1	-1	-1	-1	-1	-1	-1	-1	-1	-1	-1	-1	-1	-1	-1	-1	-1	-1	FFFFFF66	B‰o Th’ch Vßn MÆnh		2004	1
50713003	5	7	13	3	Gem6_1_7	1	L¯c B‰o Th’ch (C§p 7)		75000	1000	-1	-1	-1	-1	-1	-1	-1	-1	-1	-1	-1	-1	-1	-1	-1	-1	-1	-1	-1	-1	-1	-1	-1	-1	-1	-1	-1	-1	-1	-1	-1	-1	-1	-1	-1	-1	-1	-1	-1	-1	-1	-1	-1	-1	-1	-1	145	-1	-1	-1	-1	-1	-1	-1	-1	-1	-1	-1	-1	-1	-1	-1	-1	-1	FFFFFF66	B‰o Th’ch Vßn MÆnh		2004	1
50713004	5	7	13	4	Gem6_2_2	1	H∞ng B‰o Th’ch (C§p 7)		75000	1000	-1	-1	-1	-1	-1	-1	-1	-1	-1	-1	-1	-1	-1	-1	-1	-1	-1	-1	-1	-1	-1	-1	-1	-1	-1	-1	-1	-1	-1	-1	-1	-1	-1	-1	-1	-1	-1	-1	-1	-1	-1	-1	-1	-1	267	-1	-1	-1	-1	-1	-1	-1	-1	-1	-1	-1	-1	-1	-1	-1	-1	-1	-1	-1	FFFFFF66	B‰o Th’ch Vßn MÆnh		2004	1
50713005	5	7	13	5	Gem6_2_3	1	H°c B‰o Th’ch (C§p 7)		75000	1000	-1	-1	-1	-1	-1	-1	-1	-1	-1	-1	-1	-1	-1	-1	-1	-1	-1	-1	-1	-1	-1	-1	-1	-1	-1	-1	-1	-1	-1	-1	-1	-1	-1	-1	-1	-1	-1	-1	-1	-1	-1	-1	-1	-1	-1	267	-1	-1	-1	-1	-1	-1	-1	-1	-1	-1	-1	-1	-1	-1	-1	-1	-1	-1	FFFFFF66	B‰o Th’ch Vßn MÆnh		2004	1
50713006	5	7	13	6	Gem6_2_7	1	Huy™t Tinh Th’ch (C§p 7)		75000	1000	14706	-1	-1	-1	-1	-1	-1	-1	-1	-1	-1	-1	-1	-1	-1	-1	-1	-1	-1	-1	-1	-1	-1	-1	-1	-1	-1	-1	-1	-1	-1	-1	-1	-1	-1	-1	-1	-1	-1	-1	-1	-1	-1	-1	-1	-1	-1	-1	-1	-1	-1	-1	-1	-1	-1	-1	-1	-1	-1	-1	-1	-1	-1	-1	FFFFFF66	B‰o Th’ch Vßn MÆnh		2004	1
50714001	5	7	14	1	Gem6_1_14	1	T± MÁu L¯c (C§p 7)		100000	1000	-1	-1	-1	-1	-1	-1	-1	-1	-1	-1	-1	-1	-1	-1	-1	-1	-1	-1	-1	-1	-1	-1	-1	-1	-1	-1	-1	-1	-1	-1	-1	-1	-1	-1	-1	-1	963	-1	-1	-1	-1	-1	-1	-1	-1	-1	-1	-1	-1	-1	-1	-1	-1	-1	-1	-1	-1	-1	-1	-1	-1	-1	-1	-1	FFFFFF66	B‰o Th’ch ThiÍn CΩ		2004	1
50721001	5	7	21	1	Gemjiankang_3	1	Ho‡ng Minh Th’ch (C§p 7)		300000	2000	-1	-1	-1	-1	-1	-1	-1	-1	-1	-1	-1	-1	-1	-1	-1	-1	-1	-1	-1	-1	-1	-1	-1	-1	-1	-1	-1	-1	-1	-1	-1	-1	-1	-1	-1	-1	-1	-1	-1	-1	-1	-1	-1	-1	-1	-1	-1	-1	-1	-1	-1	-1	-1	-1	-1	-1	90	-1	-1	-1	-1	-1	-1	-1	FFFFFFCC	B‰o Th’ch Th°ng L˛i		2004	1
50721002	5	7	21	2	Gemjiankang_15	1	Lam Minh Th’ch (C§p 7)		300000	2000	-1	-1	-1	-1	-1	-1	-1	-1	-1	-1	-1	-1	-1	-1	-1	-1	-1	-1	-1	-1	-1	-1	-1	-1	-1	-1	-1	-1	-1	-1	-1	-1	-1	-1	-1	-1	-1	-1	-1	-1	-1	-1	-1	-1	-1	-1	-1	-1	-1	-1	-1	-1	-1	-1	90	-1	-1	-1	-1	-1	-1	-1	-1	-1	FFFFFFCC	B‰o Th’ch Th°ng L˛i		2004	1
50721003	5	7	21	3	Gemjiankang_11	1	H∞ng Minh Th’ch (C§p 7)		300000	2000	-1	-1	-1	-1	-1	-1	-1	-1	-1	-1	-1	-1	-1	-1	-1	-1	-1	-1	-1	-1	-1	-1	-1	-1	-1	-1	-1	-1	-1	-1	-1	-1	-1	-1	-1	-1	-1	-1	-1	-1	-1	-1	-1	-1	-1	-1	-1	-1	-1	-1	-1	-1	-1	-1	-1	90	-1	-1	-1	-1	-1	-1	-1	-1	FFFFFFCC	B‰o Th’ch Th°ng L˛i		2004	1
50721004	5	7	21	4	Gemjiankang_7	1	L¯c Minh Th’ch (C§p 7)		300000	2000	-1	-1	-1	-1	-1	-1	-1	-1	-1	-1	-1	-1	-1	-1	-1	-1	-1	-1	-1	-1	-1	-1	-1	-1	-1	-1	-1	-1	-1	-1	-1	-1	-1	-1	-1	-1	-1	-1	-1	-1	-1	-1	-1	-1	-1	-1	-1	-1	-1	-1	-1	-1	-1	-1	-1	-1	-1	90	-1	-1	-1	-1	-1	-1	FFFFFFCC	B‰o Th’ch Th°ng L˛i		2004	1
50801001	5	8	1	1	Gem6_2_4	1	MiÍu Nh„n Th’ch (C§p 8)		50000	1000	-1	-1	-1	-1	-1	-1	-1	-1	-1	-1	-1	-1	-1	-1	-1	-1	-1	-1	-1	-1	-1	-1	-1	-1	-1	-1	3198	-1	-1	-1	-1	-1	-1	-1	-1	-1	-1	-1	-1	-1	-1	-1	-1	-1	-1	-1	-1	-1	-1	-1	-1	-1	-1	-1	-1	-1	-1	-1	-1	-1	-1	-1	-1	-1	FFFFFFE5	B‰o Th’ch Hy V˜ng		2004	1
50801002	5	8	1	2	Gem6_1_1	1	H± Nh„n Th’ch (C§p 8)		50000	1000	-1	-1	-1	-1	-1	-1	-1	-1	-1	-1	-1	-1	-1	-1	-1	-1	-1	-1	-1	3198	-1	-1	-1	-1	-1	-1	-1	-1	-1	-1	-1	-1	-1	-1	-1	-1	-1	-1	-1	-1	-1	-1	-1	-1	-1	-1	-1	-1	-1	-1	-1	-1	-1	-1	-1	-1	-1	-1	-1	-1	-1	-1	-1	-1	FFFFFFE5	B‰o Th’ch Hy V˜ng		2004	1
50802001	5	8	2	1	Gem6_1_3	1	Ho‡ng Tinh Th’ch (C§p 8)		150000	1000	-1	-1	-1	-1	-1	-1	-1	-1	-1	-1	-1	-1	45	-1	-1	-1	-1	-1	-1	-1	-1	-1	-1	-1	-1	-1	-1	-1	-1	-1	-1	-1	-1	-1	-1	-1	-1	-1	-1	-1	-1	-1	-1	-1	-1	-1	-1	-1	-1	-1	-1	-1	-1	-1	-1	-1	-1	-1	-1	-1	-1	-1	-1	-1	FFFFFFE5	B‰o Th’ch TrÌ TuÆ		2004	1
50802002	5	8	2	2	Gem6_1_4	1	Lam Tinh Th’ch (C§p 8)		150000	1000	-1	-1	-1	-1	-1	-1	45	-1	-1	-1	-1	-1	-1	-1	-1	-1	-1	-1	-1	-1	-1	-1	-1	-1	-1	-1	-1	-1	-1	-1	-1	-1	-1	-1	-1	-1	-1	-1	-1	-1	-1	-1	-1	-1	-1	-1	-1	-1	-1	-1	-1	-1	-1	-1	-1	-1	-1	-1	-1	-1	-1	-1	-1	-1	FFFFFFE5	B‰o Th’ch TrÌ TuÆ		2004	1
50802003	5	8	2	3	Gem6_1_5	1	H∞ng Tinh Th’ch (C§p 8)		150000	1000	-1	-1	-1	-1	-1	-1	-1	-1	-1	45	-1	-1	-1	-1	-1	-1	-1	-1	-1	-1	-1	-1	-1	-1	-1	-1	-1	-1	-1	-1	-1	-1	-1	-1	-1	-1	-1	-1	-1	-1	-1	-1	-1	-1	-1	-1	-1	-1	-1	-1	-1	-1	-1	-1	-1	-1	-1	-1	-1	-1	-1	-1	-1	-1	FFFFFFE5	B‰o Th’ch TrÌ TuÆ		2004	1
50802004	5	8	2	4	Gem6_1_6	1	L¯c Tinh Th’ch (C§p 8)		150000	1000	-1	-1	-1	-1	-1	-1	-1	-1	-1	-1	-1	-1	-1	-1	-1	45	-1	-1	-1	-1	-1	-1	-1	-1	-1	-1	-1	-1	-1	-1	-1	-1	-1	-1	-1	-1	-1	-1	-1	-1	-1	-1	-1	-1	-1	-1	-1	-1	-1	-1	-1	-1	-1	-1	-1	-1	-1	-1	-1	-1	-1	-1	-1	-1	FFFFFFE5	B‰o Th’ch TrÌ TuÆ		2004	1
50802005	5	8	2	5	Gem6_2_5	1	Thu•n T∏nh Ho‡ng Tinh Th’ch (C§p 8)		300000	2000	-1	-1	-1	-1	-1	-1	-1	-1	-1	-1	-1	-1	290	-1	-1	-1	-1	-1	-1	-1	-1	-1	-1	-1	-1	-1	-1	-1	-1	-1	-1	-1	-1	-1	-1	-1	-1	-1	-1	-1	-1	-1	-1	-1	-1	-1	-1	-1	-1	-1	-1	-1	-1	-1	-1	-1	-1	-1	-1	-1	-1	-1	-1	-1	FFFFFFE5	B‰o Th’ch TrÌ TuÆ		2004	1
50802006	5	8	2	6	Gem6_2_9	1	Thu•n T∏nh Lam Tinh Th’ch (C§p 8)		300000	2000	-1	-1	-1	-1	-1	-1	290	-1	-1	-1	-1	-1	-1	-1	-1	-1	-1	-1	-1	-1	-1	-1	-1	-1	-1	-1	-1	-1	-1	-1	-1	-1	-1	-1	-1	-1	-1	-1	-1	-1	-1	-1	-1	-1	-1	-1	-1	-1	-1	-1	-1	-1	-1	-1	-1	-1	-1	-1	-1	-1	-1	-1	-1	-1	FFFFFFE5	B‰o Th’ch TrÌ TuÆ		2004	1
50802007	5	8	2	7	Gem6_2_13	1	Thu•n T∏nh H∞ng Tinh Th’ch (C§p 8)		300000	2000	-1	-1	-1	-1	-1	-1	-1	-1	-1	290	-1	-1	-1	-1	-1	-1	-1	-1	-1	-1	-1	-1	-1	-1	-1	-1	-1	-1	-1	-1	-1	-1	-1	-1	-1	-1	-1	-1	-1	-1	-1	-1	-1	-1	-1	-1	-1	-1	-1	-1	-1	-1	-1	-1	-1	-1	-1	-1	-1	-1	-1	-1	-1	-1	FFFFFFE5	B‰o Th’ch TrÌ TuÆ		2004	1
50802008	5	8	2	8	Gem6_2_6	1	Thu•n T∏nh L¯c Tinh Th’ch (C§p 8)		300000	2000	-1	-1	-1	-1	-1	-1	-1	-1	-1	-1	-1	-1	-1	-1	-1	290	-1	-1	-1	-1	-1	-1	-1	-1	-1	-1	-1	-1	-1	-1	-1	-1	-1	-1	-1	-1	-1	-1	-1	-1	-1	-1	-1	-1	-1	-1	-1	-1	-1	-1	-1	-1	-1	-1	-1	-1	-1	-1	-1	-1	-1	-1	-1	-1	FFFFFFE5	B‰o Th’ch TrÌ TuÆ		2004	1
50803001	5	8	3	1	Gem6_1_2	1	Tÿ Ng˜c (C§p 8)		100000	1000	-1	-1	-1	-1	-1	-1	-1	-1	-1	-1	-1	-1	-1	-1	-1	-1	-1	-1	-1	-1	-1	-1	-1	-1	-1	-1	-1	-1	-1	-1	-1	-1	-1	-1	-1	3559	-1	-1	-1	-1	-1	-1	-1	-1	-1	-1	-1	-1	-1	-1	-1	-1	-1	-1	-1	-1	-1	-1	-1	-1	-1	-1	-1	-1	FFFFFFE5	B‰o Th’ch Huy´n Vi		2004	1
50804002	5	8	4	2	Gem6_1_8	1	Bi™n Th’ch (C§p 8)		250000	1000	-1	-1	-1	-1	-1	-1	-1	-1	-1	-1	-1	-1	-1	-1	-1	-1	-1	-1	-1	-1	-1	-1	-1	-1	-1	-1	-1	-1	-1	-1	-1	-1	-1	-1	-1	-1	-1	25	-1	-1	-1	-1	-1	-1	-1	-1	-1	-1	-1	-1	-1	-1	-1	-1	-1	-1	-1	-1	-1	-1	-1	-1	-1	-1	FFFFFFE5	B‰o Th’ch ƒo Minh		2004	1
50811001	5	8	11	1	Gem6_1_9	1	Th’ch LÒuth’ch (C§p 8)		50000	1000	-1	-1	-1	-1	-1	-1	-1	-1	-1	-1	-1	-1	-1	-1	-1	-1	-1	-1	-1	-1	-1	-1	-1	-1	-1	-1	-1	-1	-1	3183	-1	-1	-1	-1	-1	-1	-1	-1	-1	-1	-1	-1	-1	-1	-1	-1	-1	-1	-1	-1	-1	-1	-1	-1	-1	-1	-1	-1	-1	-1	-1	-1	-1	-1	FFFFFF66	B‰o Th’ch Sinh MÆnh		2004	1
50811002	5	8	11	2	Gem6_1_12	1	TiÍm Tinh Th’ch (C§p 8)		50000	1000	-1	-1	-1	-1	-1	-1	-1	-1	-1	-1	-1	-1	-1	-1	-1	-1	-1	-1	-1	-1	-1	-1	3183	-1	-1	-1	-1	-1	-1	-1	-1	-1	-1	-1	-1	-1	-1	-1	-1	-1	-1	-1	-1	-1	-1	-1	-1	-1	-1	-1	-1	-1	-1	-1	-1	-1	-1	-1	-1	-1	-1	-1	-1	-1	FFFFFF66	B‰o Th’ch Sinh MÆnh		2004	1
50812001	5	8	12	1	Gem6_1_11	1	Ho‡ng Ng˜c (C§p 8)		150000	1000	-1	-1	-1	-1	-1	-1	-1	-1	-1	-1	-1	-1	-1	18	-1	-1	-1	-1	-1	-1	-1	-1	-1	-1	-1	-1	-1	-1	-1	-1	-1	-1	-1	-1	-1	-1	-1	-1	-1	-1	-1	-1	-1	-1	-1	-1	-1	-1	-1	-1	-1	-1	-1	-1	-1	-1	-1	-1	-1	-1	-1	-1	-1	-1	FFFFFF66	B‰o Th’ch M∏ LÒc		2004	1
50812002	5	8	12	2	Gem6_1_10	1	H’o Th’ch (C§p 8)		150000	1000	-1	-1	-1	-1	-1	-1	-1	18	-1	-1	-1	-1	-1	-1	-1	-1	-1	-1	-1	-1	-1	-1	-1	-1	-1	-1	-1	-1	-1	-1	-1	-1	-1	-1	-1	-1	-1	-1	-1	-1	-1	-1	-1	-1	-1	-1	-1	-1	-1	-1	-1	-1	-1	-1	-1	-1	-1	-1	-1	-1	-1	-1	-1	-1	FFFFFF66	B‰o Th’ch M∏ LÒc		2004	1
50812003	5	8	12	3	Gem6_1_13	1	NguyÆt Quang Th’ch (C§p 8)		150000	1000	-1	-1	-1	-1	-1	-1	-1	-1	-1	-1	18	-1	-1	-1	-1	-1	-1	-1	-1	-1	-1	-1	-1	-1	-1	-1	-1	-1	-1	-1	-1	-1	-1	-1	-1	-1	-1	-1	-1	-1	-1	-1	-1	-1	-1	-1	-1	-1	-1	-1	-1	-1	-1	-1	-1	-1	-1	-1	-1	-1	-1	-1	-1	-1	FFFFFF66	B‰o Th’ch M∏ LÒc		2004	1
50812004	5	8	12	4	Gem6_2_1	1	BÌch T÷ (C§p 8)		150000	1000	-1	-1	-1	-1	-1	-1	-1	-1	-1	-1	-1	-1	-1	-1	-1	-1	18	-1	-1	-1	-1	-1	-1	-1	-1	-1	-1	-1	-1	-1	-1	-1	-1	-1	-1	-1	-1	-1	-1	-1	-1	-1	-1	-1	-1	-1	-1	-1	-1	-1	-1	-1	-1	-1	-1	-1	-1	-1	-1	-1	-1	-1	-1	-1	FFFFFF66	B‰o Th’ch M∏ LÒc		2004	1
50812005	5	8	12	5	Gem6_2_10	1	Thu•n T∏nh Ho‡ng Ng˜c (C§p 8)		300000	2000	-1	-1	-1	-1	-1	-1	-1	-1	-1	-1	-1	-1	-1	120	-1	-1	-1	-1	-1	-1	-1	-1	-1	-1	-1	-1	-1	-1	-1	-1	-1	-1	-1	-1	-1	-1	-1	-1	-1	-1	-1	-1	-1	-1	-1	-1	-1	-1	-1	-1	-1	-1	-1	-1	-1	-1	-1	-1	-1	-1	-1	-1	-1	-1	FFFFFFE5	B‰o Th’ch M∏ LÒc		2004	1
50812006	5	8	12	6	Gem6_2_14	1	Thu•n T∏nh H’o Th’ch (C§p 8)		300000	2000	-1	-1	-1	-1	-1	-1	-1	120	-1	-1	-1	-1	-1	-1	-1	-1	-1	-1	-1	-1	-1	-1	-1	-1	-1	-1	-1	-1	-1	-1	-1	-1	-1	-1	-1	-1	-1	-1	-1	-1	-1	-1	-1	-1	-1	-1	-1	-1	-1	-1	-1	-1	-1	-1	-1	-1	-1	-1	-1	-1	-1	-1	-1	-1	FFFFFFE5	B‰o Th’ch M∏ LÒc		2004	1
50812007	5	8	12	7	Gem6_2_11	1	Thu•n T∏nh D’ Quang Th’ch (C§p 8)		300000	2000	-1	-1	-1	-1	-1	-1	-1	-1	-1	-1	120	-1	-1	-1	-1	-1	-1	-1	-1	-1	-1	-1	-1	-1	-1	-1	-1	-1	-1	-1	-1	-1	-1	-1	-1	-1	-1	-1	-1	-1	-1	-1	-1	-1	-1	-1	-1	-1	-1	-1	-1	-1	-1	-1	-1	-1	-1	-1	-1	-1	-1	-1	-1	-1	FFFFFFE5	B‰o Th’ch M∏ LÒc		2004	1
50812008	5	8	12	8	Gem6_2_15	1	Thu•n T∏nh BÌch T÷ (C§p 8)		300000	2000	-1	-1	-1	-1	-1	-1	-1	-1	-1	-1	-1	-1	-1	-1	-1	-1	120	-1	-1	-1	-1	-1	-1	-1	-1	-1	-1	-1	-1	-1	-1	-1	-1	-1	-1	-1	-1	-1	-1	-1	-1	-1	-1	-1	-1	-1	-1	-1	-1	-1	-1	-1	-1	-1	-1	-1	-1	-1	-1	-1	-1	-1	-1	-1	FFFFFFE5	B‰o Th’ch M∏ LÒc		2004	1
50813001	5	8	13	1	Gem6_1_15	1	Ho‡ng B‰o Th’ch (C§p 8)		75000	1000	-1	-1	-1	-1	-1	-1	-1	-1	-1	-1	-1	-1	-1	-1	-1	-1	-1	-1	-1	-1	-1	-1	-1	-1	-1	-1	-1	-1	-1	-1	-1	-1	-1	-1	-1	-1	-1	-1	-1	-1	-1	-1	332	-1	-1	-1	-1	-1	-1	-1	-1	-1	-1	-1	-1	-1	-1	-1	-1	-1	-1	-1	-1	-1	FFFFFF66	B‰o Th’ch Vßn MÆnh		2004	1
50813002	5	8	13	2	Gem6_1_16	1	Lam B‰o Th’ch (C§p 8)		75000	1000	-1	-1	-1	-1	-1	-1	-1	-1	-1	-1	-1	-1	-1	-1	-1	-1	-1	-1	-1	-1	-1	-1	-1	-1	-1	-1	-1	-1	-1	-1	-1	-1	-1	-1	-1	-1	-1	-1	-1	-1	-1	-1	-1	332	-1	-1	-1	-1	-1	-1	-1	-1	-1	-1	-1	-1	-1	-1	-1	-1	-1	-1	-1	-1	FFFFFF66	B‰o Th’ch Vßn MÆnh		2004	1
50813003	5	8	13	3	Gem6_1_7	1	L¯c B‰o Th’ch (C§p 8)		75000	1000	-1	-1	-1	-1	-1	-1	-1	-1	-1	-1	-1	-1	-1	-1	-1	-1	-1	-1	-1	-1	-1	-1	-1	-1	-1	-1	-1	-1	-1	-1	-1	-1	-1	-1	-1	-1	-1	-1	-1	-1	-1	-1	-1	-1	-1	-1	179	-1	-1	-1	-1	-1	-1	-1	-1	-1	-1	-1	-1	-1	-1	-1	-1	-1	FFFFFF66	B‰o Th’ch Vßn MÆnh		2004	1
50813004	5	8	13	4	Gem6_2_2	1	H∞ng B‰o Th’ch (C§p 8)		75000	1000	-1	-1	-1	-1	-1	-1	-1	-1	-1	-1	-1	-1	-1	-1	-1	-1	-1	-1	-1	-1	-1	-1	-1	-1	-1	-1	-1	-1	-1	-1	-1	-1	-1	-1	-1	-1	-1	-1	-1	-1	-1	-1	-1	-1	329	-1	-1	-1	-1	-1	-1	-1	-1	-1	-1	-1	-1	-1	-1	-1	-1	-1	-1	-1	FFFFFF66	B‰o Th’ch Vßn MÆnh		2004	1
50813005	5	8	13	5	Gem6_2_3	1	H°c B‰o Th’ch (C§p 8)		75000	1000	-1	-1	-1	-1	-1	-1	-1	-1	-1	-1	-1	-1	-1	-1	-1	-1	-1	-1	-1	-1	-1	-1	-1	-1	-1	-1	-1	-1	-1	-1	-1	-1	-1	-1	-1	-1	-1	-1	-1	-1	-1	-1	-1	-1	-1	329	-1	-1	-1	-1	-1	-1	-1	-1	-1	-1	-1	-1	-1	-1	-1	-1	-1	-1	FFFFFF66	B‰o Th’ch Vßn MÆnh		2004	1
50813006	5	8	13	6	Gem6_2_7	1	Huy™t Tinh Th’ch (C§p 8)		75000	1000	18113	-1	-1	-1	-1	-1	-1	-1	-1	-1	-1	-1	-1	-1	-1	-1	-1	-1	-1	-1	-1	-1	-1	-1	-1	-1	-1	-1	-1	-1	-1	-1	-1	-1	-1	-1	-1	-1	-1	-1	-1	-1	-1	-1	-1	-1	-1	-1	-1	-1	-1	-1	-1	-1	-1	-1	-1	-1	-1	-1	-1	-1	-1	-1	FFFFFF66	B‰o Th’ch Vßn MÆnh		2004	1
50814001	5	8	14	1	Gem6_1_14	1	T± MÁu L¯c (C§p 8)		100000	1000	-1	-1	-1	-1	-1	-1	-1	-1	-1	-1	-1	-1	-1	-1	-1	-1	-1	-1	-1	-1	-1	-1	-1	-1	-1	-1	-1	-1	-1	-1	-1	-1	-1	-1	-1	-1	1186	-1	-1	-1	-1	-1	-1	-1	-1	-1	-1	-1	-1	-1	-1	-1	-1	-1	-1	-1	-1	-1	-1	-1	-1	-1	-1	-1	FFFFFF66	B‰o Th’ch ThiÍn CΩ		2004	1
50821001	5	8	21	1	Gemjiankang_3	1	Ho‡ng Minh Th’ch (C§p 8)		300000	2000	-1	-1	-1	-1	-1	-1	-1	-1	-1	-1	-1	-1	-1	-1	-1	-1	-1	-1	-1	-1	-1	-1	-1	-1	-1	-1	-1	-1	-1	-1	-1	-1	-1	-1	-1	-1	-1	-1	-1	-1	-1	-1	-1	-1	-1	-1	-1	-1	-1	-1	-1	-1	-1	-1	-1	-1	120	-1	-1	-1	-1	-1	-1	-1	FFFFFFE5	B‰o Th’ch Th°ng L˛i		2004	1
50821002	5	8	21	2	Gemjiankang_15	1	Lam Minh Th’ch (C§p 8)		300000	2000	-1	-1	-1	-1	-1	-1	-1	-1	-1	-1	-1	-1	-1	-1	-1	-1	-1	-1	-1	-1	-1	-1	-1	-1	-1	-1	-1	-1	-1	-1	-1	-1	-1	-1	-1	-1	-1	-1	-1	-1	-1	-1	-1	-1	-1	-1	-1	-1	-1	-1	-1	-1	-1	-1	120	-1	-1	-1	-1	-1	-1	-1	-1	-1	FFFFFFE5	B‰o Th’ch Th°ng L˛i		2004	1
50821003	5	8	21	3	Gemjiankang_11	1	H∞ng Minh Th’ch (C§p 8)		300000	2000	-1	-1	-1	-1	-1	-1	-1	-1	-1	-1	-1	-1	-1	-1	-1	-1	-1	-1	-1	-1	-1	-1	-1	-1	-1	-1	-1	-1	-1	-1	-1	-1	-1	-1	-1	-1	-1	-1	-1	-1	-1	-1	-1	-1	-1	-1	-1	-1	-1	-1	-1	-1	-1	-1	-1	120	-1	-1	-1	-1	-1	-1	-1	-1	FFFFFFE5	B‰o Th’ch Th°ng L˛i		2004	1
50821004	5	8	21	4	Gemjiankang_7	1	L¯c Minh Th’ch (C§p 8)		300000	2000	-1	-1	-1	-1	-1	-1	-1	-1	-1	-1	-1	-1	-1	-1	-1	-1	-1	-1	-1	-1	-1	-1	-1	-1	-1	-1	-1	-1	-1	-1	-1	-1	-1	-1	-1	-1	-1	-1	-1	-1	-1	-1	-1	-1	-1	-1	-1	-1	-1	-1	-1	-1	-1	-1	-1	-1	-1	120	-1	-1	-1	-1	-1	-1	FFFFFFE5	B‰o Th’ch Th°ng L˛i		2004	1
50901001	5	9	1	1	Gem9_2_4	1	MiÍu Nh„n Th’ch (C§p 9)		50000	1000	-1	-1	-1	-1	-1	-1	-1	-1	-1	-1	-1	-1	-1	-1	-1	-1	-1	-1	-1	-1	-1	-1	-1	-1	-1	-1	3315	-1	-1	-1	-1	-1	-1	-1	-1	-1	-1	-1	-1	-1	-1	-1	-1	-1	-1	-1	-1	-1	-1	-1	-1	-1	-1	-1	-1	-1	-1	-1	-1	-1	-1	-1	-1	-1	FFFFFFFF	B‰o Th’ch Hy V˜ng		2004	1
50901002	5	9	1	2	Gem9_1_1	1	H± Nh„n Th’ch (C§p 9)		50000	1000	-1	-1	-1	-1	-1	-1	-1	-1	-1	-1	-1	-1	-1	-1	-1	-1	-1	-1	-1	3315	-1	-1	-1	-1	-1	-1	-1	-1	-1	-1	-1	-1	-1	-1	-1	-1	-1	-1	-1	-1	-1	-1	-1	-1	-1	-1	-1	-1	-1	-1	-1	-1	-1	-1	-1	-1	-1	-1	-1	-1	-1	-1	-1	-1	FFFFFFFF	B‰o Th’ch Hy V˜ng		2004	1
50902001	5	9	2	1	Gem9_1_3	1	Ho‡ng Tinh Th’ch (C§p 9)		150000	1000	-1	-1	-1	-1	-1	-1	-1	-1	-1	-1	-1	-1	50	-1	-1	-1	-1	-1	-1	-1	-1	-1	-1	-1	-1	-1	-1	-1	-1	-1	-1	-1	-1	-1	-1	-1	-1	-1	-1	-1	-1	-1	-1	-1	-1	-1	-1	-1	-1	-1	-1	-1	-1	-1	-1	-1	-1	-1	-1	-1	-1	-1	-1	-1	FFFFFFFF	B‰o Th’ch TrÌ TuÆ		2004	1
50902002	5	9	2	2	Gem9_1_4	1	Lam Tinh Th’ch (C§p 9)		150000	1000	-1	-1	-1	-1	-1	-1	50	-1	-1	-1	-1	-1	-1	-1	-1	-1	-1	-1	-1	-1	-1	-1	-1	-1	-1	-1	-1	-1	-1	-1	-1	-1	-1	-1	-1	-1	-1	-1	-1	-1	-1	-1	-1	-1	-1	-1	-1	-1	-1	-1	-1	-1	-1	-1	-1	-1	-1	-1	-1	-1	-1	-1	-1	-1	FFFFFFFF	B‰o Th’ch TrÌ TuÆ		2004	1
50902003	5	9	2	3	Gem9_1_5	1	H∞ng Tinh Th’ch (C§p 9)		150000	1000	-1	-1	-1	-1	-1	-1	-1	-1	-1	50	-1	-1	-1	-1	-1	-1	-1	-1	-1	-1	-1	-1	-1	-1	-1	-1	-1	-1	-1	-1	-1	-1	-1	-1	-1	-1	-1	-1	-1	-1	-1	-1	-1	-1	-1	-1	-1	-1	-1	-1	-1	-1	-1	-1	-1	-1	-1	-1	-1	-1	-1	-1	-1	-1	FFFFFFFF	B‰o Th’ch TrÌ TuÆ		2004	1
50902004	5	9	2	4	Gem9_1_6	1	L¯c Tinh Th’ch (C§p 9)		150000	1000	-1	-1	-1	-1	-1	-1	-1	-1	-1	-1	-1	-1	-1	-1	-1	50	-1	-1	-1	-1	-1	-1	-1	-1	-1	-1	-1	-1	-1	-1	-1	-1	-1	-1	-1	-1	-1	-1	-1	-1	-1	-1	-1	-1	-1	-1	-1	-1	-1	-1	-1	-1	-1	-1	-1	-1	-1	-1	-1	-1	-1	-1	-1	-1	FFFFFFFF	B‰o Th’ch TrÌ TuÆ		2004	1
50902005	5	9	2	5	Gem9_2_5	1	Thu•n T∏nh Ho‡ng Tinh Th’ch (C§p 9)		300000	2000	-1	-1	-1	-1	-1	-1	-1	-1	-1	-1	-1	-1	300	-1	-1	-1	-1	-1	-1	-1	-1	-1	-1	-1	-1	-1	-1	-1	-1	-1	-1	-1	-1	-1	-1	-1	-1	-1	-1	-1	-1	-1	-1	-1	-1	-1	-1	-1	-1	-1	-1	-1	-1	-1	-1	-1	-1	-1	-1	-1	-1	-1	-1	-1	FFFFFFFF	B‰o Th’ch TrÌ TuÆ		2004	1
50902006	5	9	2	6	Gem9_2_9	1	Thu•n T∏nh Lam Tinh Th’ch (C§p 9)		300000	2000	-1	-1	-1	-1	-1	-1	300	-1	-1	-1	-1	-1	-1	-1	-1	-1	-1	-1	-1	-1	-1	-1	-1	-1	-1	-1	-1	-1	-1	-1	-1	-1	-1	-1	-1	-1	-1	-1	-1	-1	-1	-1	-1	-1	-1	-1	-1	-1	-1	-1	-1	-1	-1	-1	-1	-1	-1	-1	-1	-1	-1	-1	-1	-1	FFFFFFFF	B‰o Th’ch TrÌ TuÆ		2004	1
50902007	5	9	2	7	Gem9_2_13	1	Thu•n T∏nh H∞ng Tinh Th’ch (C§p 9)		300000	2000	-1	-1	-1	-1	-1	-1	-1	-1	-1	300	-1	-1	-1	-1	-1	-1	-1	-1	-1	-1	-1	-1	-1	-1	-1	-1	-1	-1	-1	-1	-1	-1	-1	-1	-1	-1	-1	-1	-1	-1	-1	-1	-1	-1	-1	-1	-1	-1	-1	-1	-1	-1	-1	-1	-1	-1	-1	-1	-1	-1	-1	-1	-1	-1	FFFFFFFF	B‰o Th’ch TrÌ TuÆ		2004	1
50902008	5	9	2	8	Gem9_2_6	1	Thu•n T∏nh L¯c Tinh Th’ch (C§p 9)		300000	2000	-1	-1	-1	-1	-1	-1	-1	-1	-1	-1	-1	-1	-1	-1	-1	300	-1	-1	-1	-1	-1	-1	-1	-1	-1	-1	-1	-1	-1	-1	-1	-1	-1	-1	-1	-1	-1	-1	-1	-1	-1	-1	-1	-1	-1	-1	-1	-1	-1	-1	-1	-1	-1	-1	-1	-1	-1	-1	-1	-1	-1	-1	-1	-1	FFFFFFFF	B‰o Th’ch TrÌ TuÆ		2004	1
50903001	5	9	3	1	Gem9_1_2	1	Tÿ Ng˜c (C§p 9)		100000	1000	-1	-1	-1	-1	-1	-1	-1	-1	-1	-1	-1	-1	-1	-1	-1	-1	-1	-1	-1	-1	-1	-1	-1	-1	-1	-1	-1	-1	-1	-1	-1	-1	-1	-1	-1	3690	-1	-1	-1	-1	-1	-1	-1	-1	-1	-1	-1	-1	-1	-1	-1	-1	-1	-1	-1	-1	-1	-1	-1	-1	-1	-1	-1	-1	FFFFFFFF	B‰o Th’ch Huy´n Vi		2004	1
50904002	5	9	4	2	Gem9_1_8	1	Bi™n Th’ch (C§p 9)		250000	1000	-1	-1	-1	-1	-1	-1	-1	-1	-1	-1	-1	-1	-1	-1	-1	-1	-1	-1	-1	-1	-1	-1	-1	-1	-1	-1	-1	-1	-1	-1	-1	-1	-1	-1	-1	-1	-1	27	-1	-1	-1	-1	-1	-1	-1	-1	-1	-1	-1	-1	-1	-1	-1	-1	-1	-1	-1	-1	-1	-1	-1	-1	-1	-1	FFFFFFFF	B‰o Th’ch ƒo Minh		2004	1
50911001	5	9	11	1	Gem9_1_9	1	Th’ch LÒuth’ch (C§p 9)		50000	1000	-1	-1	-1	-1	-1	-1	-1	-1	-1	-1	-1	-1	-1	-1	-1	-1	-1	-1	-1	-1	-1	-1	-1	-1	-1	-1	-1	-1	-1	3300	-1	-1	-1	-1	-1	-1	-1	-1	-1	-1	-1	-1	-1	-1	-1	-1	-1	-1	-1	-1	-1	-1	-1	-1	-1	-1	-1	-1	-1	-1	-1	-1	-1	-1	FFFFFF66	B‰o Th’ch Sinh MÆnh		2004	1
50911002	5	9	11	2	Gem9_1_12	1	TiÍm Tinh Th’ch (C§p 9)		50000	1000	-1	-1	-1	-1	-1	-1	-1	-1	-1	-1	-1	-1	-1	-1	-1	-1	-1	-1	-1	-1	-1	-1	3300	-1	-1	-1	-1	-1	-1	-1	-1	-1	-1	-1	-1	-1	-1	-1	-1	-1	-1	-1	-1	-1	-1	-1	-1	-1	-1	-1	-1	-1	-1	-1	-1	-1	-1	-1	-1	-1	-1	-1	-1	-1	FFFFFF66	B‰o Th’ch Sinh MÆnh		2004	1
50912001	5	9	12	1	Gem9_1_11	1	Ho‡ng Ng˜c (C§p 9)		150000	1000	-1	-1	-1	-1	-1	-1	-1	-1	-1	-1	-1	-1	-1	20	-1	-1	-1	-1	-1	-1	-1	-1	-1	-1	-1	-1	-1	-1	-1	-1	-1	-1	-1	-1	-1	-1	-1	-1	-1	-1	-1	-1	-1	-1	-1	-1	-1	-1	-1	-1	-1	-1	-1	-1	-1	-1	-1	-1	-1	-1	-1	-1	-1	-1	FFFFFF66	B‰o Th’ch M∏ LÒc		2004	1
50912002	5	9	12	2	Gem9_1_10	1	H’o Th’ch (C§p 9)		150000	1000	-1	-1	-1	-1	-1	-1	-1	20	-1	-1	-1	-1	-1	-1	-1	-1	-1	-1	-1	-1	-1	-1	-1	-1	-1	-1	-1	-1	-1	-1	-1	-1	-1	-1	-1	-1	-1	-1	-1	-1	-1	-1	-1	-1	-1	-1	-1	-1	-1	-1	-1	-1	-1	-1	-1	-1	-1	-1	-1	-1	-1	-1	-1	-1	FFFFFF66	B‰o Th’ch M∏ LÒc		2004	1
50912003	5	9	12	3	Gem9_1_13	1	NguyÆt Quang Th’ch (C§p 9)		150000	1000	-1	-1	-1	-1	-1	-1	-1	-1	-1	-1	20	-1	-1	-1	-1	-1	-1	-1	-1	-1	-1	-1	-1	-1	-1	-1	-1	-1	-1	-1	-1	-1	-1	-1	-1	-1	-1	-1	-1	-1	-1	-1	-1	-1	-1	-1	-1	-1	-1	-1	-1	-1	-1	-1	-1	-1	-1	-1	-1	-1	-1	-1	-1	-1	FFFFFF66	B‰o Th’ch M∏ LÒc		2004	1
50912004	5	9	12	4	Gem9_2_1	1	BÌch T÷ (C§p 9)		150000	1000	-1	-1	-1	-1	-1	-1	-1	-1	-1	-1	-1	-1	-1	-1	-1	-1	20	-1	-1	-1	-1	-1	-1	-1	-1	-1	-1	-1	-1	-1	-1	-1	-1	-1	-1	-1	-1	-1	-1	-1	-1	-1	-1	-1	-1	-1	-1	-1	-1	-1	-1	-1	-1	-1	-1	-1	-1	-1	-1	-1	-1	-1	-1	-1	FFFFFF66	B‰o Th’ch M∏ LÒc		2004	1
50912005	5	9	12	5	Gem9_2_10	1	Thu•n T∏nh Ho‡ng Ng˜c (C§p 9)		300000	2000	-1	-1	-1	-1	-1	-1	-1	-1	-1	-1	-1	-1	-1	150	-1	-1	-1	-1	-1	-1	-1	-1	-1	-1	-1	-1	-1	-1	-1	-1	-1	-1	-1	-1	-1	-1	-1	-1	-1	-1	-1	-1	-1	-1	-1	-1	-1	-1	-1	-1	-1	-1	-1	-1	-1	-1	-1	-1	-1	-1	-1	-1	-1	-1	FFFFFFFF	B‰o Th’ch M∏ LÒc		2004	1
50912006	5	9	12	6	Gem9_2_14	1	Thu•n T∏nh H’o Th’ch (C§p 9)		300000	2000	-1	-1	-1	-1	-1	-1	-1	150	-1	-1	-1	-1	-1	-1	-1	-1	-1	-1	-1	-1	-1	-1	-1	-1	-1	-1	-1	-1	-1	-1	-1	-1	-1	-1	-1	-1	-1	-1	-1	-1	-1	-1	-1	-1	-1	-1	-1	-1	-1	-1	-1	-1	-1	-1	-1	-1	-1	-1	-1	-1	-1	-1	-1	-1	FFFFFFFF	B‰o Th’ch M∏ LÒc		2004	1
50912007	5	9	12	7	Gem9_2_11	1	Thu•n T∏nh D’ Quang Th’ch (C§p 9)		300000	2000	-1	-1	-1	-1	-1	-1	-1	-1	-1	-1	150	-1	-1	-1	-1	-1	-1	-1	-1	-1	-1	-1	-1	-1	-1	-1	-1	-1	-1	-1	-1	-1	-1	-1	-1	-1	-1	-1	-1	-1	-1	-1	-1	-1	-1	-1	-1	-1	-1	-1	-1	-1	-1	-1	-1	-1	-1	-1	-1	-1	-1	-1	-1	-1	FFFFFFFF	B‰o Th’ch M∏ LÒc		2004	1
50912008	5	9	12	8	Gem9_2_15	1	Thu•n T∏nh BÌch T÷ (C§p 9)		300000	2000	-1	-1	-1	-1	-1	-1	-1	-1	-1	-1	-1	-1	-1	-1	-1	-1	150	-1	-1	-1	-1	-1	-1	-1	-1	-1	-1	-1	-1	-1	-1	-1	-1	-1	-1	-1	-1	-1	-1	-1	-1	-1	-1	-1	-1	-1	-1	-1	-1	-1	-1	-1	-1	-1	-1	-1	-1	-1	-1	-1	-1	-1	-1	-1	FFFFFFFF	B‰o Th’ch M∏ LÒc		2004	1
50913001	5	9	13	1	Gem9_1_15	1	Ho‡ng B‰o Th’ch (C§p 9)		75000	1000	-1	-1	-1	-1	-1	-1	-1	-1	-1	-1	-1	-1	-1	-1	-1	-1	-1	-1	-1	-1	-1	-1	-1	-1	-1	-1	-1	-1	-1	-1	-1	-1	-1	-1	-1	-1	-1	-1	-1	-1	-1	-1	345	-1	-1	-1	-1	-1	-1	-1	-1	-1	-1	-1	-1	-1	-1	-1	-1	-1	-1	-1	-1	-1	FFFFFF66	B‰o Th’ch Vßn MÆnh		2004	1
50913002	5	9	13	2	Gem9_1_16	1	Lam B‰o Th’ch (C§p 9)		75000	1000	-1	-1	-1	-1	-1	-1	-1	-1	-1	-1	-1	-1	-1	-1	-1	-1	-1	-1	-1	-1	-1	-1	-1	-1	-1	-1	-1	-1	-1	-1	-1	-1	-1	-1	-1	-1	-1	-1	-1	-1	-1	-1	-1	345	-1	-1	-1	-1	-1	-1	-1	-1	-1	-1	-1	-1	-1	-1	-1	-1	-1	-1	-1	-1	FFFFFF66	B‰o Th’ch Vßn MÆnh		2004	1
50913003	5	9	13	3	Gem9_1_7	1	L¯c B‰o Th’ch (C§p 9)		75000	1000	-1	-1	-1	-1	-1	-1	-1	-1	-1	-1	-1	-1	-1	-1	-1	-1	-1	-1	-1	-1	-1	-1	-1	-1	-1	-1	-1	-1	-1	-1	-1	-1	-1	-1	-1	-1	-1	-1	-1	-1	-1	-1	-1	-1	-1	-1	186	-1	-1	-1	-1	-1	-1	-1	-1	-1	-1	-1	-1	-1	-1	-1	-1	-1	FFFFFF66	B‰o Th’ch Vßn MÆnh		2004	1
50913004	5	9	13	4	Gem9_2_2	1	H∞ng B‰o Th’ch (C§p 9)		75000	1000	-1	-1	-1	-1	-1	-1	-1	-1	-1	-1	-1	-1	-1	-1	-1	-1	-1	-1	-1	-1	-1	-1	-1	-1	-1	-1	-1	-1	-1	-1	-1	-1	-1	-1	-1	-1	-1	-1	-1	-1	-1	-1	-1	-1	342	-1	-1	-1	-1	-1	-1	-1	-1	-1	-1	-1	-1	-1	-1	-1	-1	-1	-1	-1	FFFFFF66	B‰o Th’ch Vßn MÆnh		2004	1
50913005	5	9	13	5	Gem9_2_3	1	H°c B‰o Th’ch (C§p 9)		75000	1000	-1	-1	-1	-1	-1	-1	-1	-1	-1	-1	-1	-1	-1	-1	-1	-1	-1	-1	-1	-1	-1	-1	-1	-1	-1	-1	-1	-1	-1	-1	-1	-1	-1	-1	-1	-1	-1	-1	-1	-1	-1	-1	-1	-1	-1	342	-1	-1	-1	-1	-1	-1	-1	-1	-1	-1	-1	-1	-1	-1	-1	-1	-1	-1	FFFFFF66	B‰o Th’ch Vßn MÆnh		2004	1
50913006	5	9	13	6	Gem9_2_7	1	Huy™t Tinh Th’ch (C§p 9)		75000	1000	18780	-1	-1	-1	-1	-1	-1	-1	-1	-1	-1	-1	-1	-1	-1	-1	-1	-1	-1	-1	-1	-1	-1	-1	-1	-1	-1	-1	-1	-1	-1	-1	-1	-1	-1	-1	-1	-1	-1	-1	-1	-1	-1	-1	-1	-1	-1	-1	-1	-1	-1	-1	-1	-1	-1	-1	-1	-1	-1	-1	-1	-1	-1	-1	FFFFFF66	B‰o Th’ch Vßn MÆnh		2004	1
50914001	5	9	14	1	Gem9_1_14	1	T± MÁu L¯c (C§p 9)		100000	1000	-1	-1	-1	-1	-1	-1	-1	-1	-1	-1	-1	-1	-1	-1	-1	-1	-1	-1	-1	-1	-1	-1	-1	-1	-1	-1	-1	-1	-1	-1	-1	-1	-1	-1	-1	-1	1230	-1	-1	-1	-1	-1	-1	-1	-1	-1	-1	-1	-1	-1	-1	-1	-1	-1	-1	-1	-1	-1	-1	-1	-1	-1	-1	-1	FFFFFF66	B‰o Th’ch ThiÍn CΩ		2004	1
50921001	5	9	21	1	Gemjiankang_4	1	Ho‡ng Minh Th’ch (C§p 9)		300000	2000	-1	-1	-1	-1	-1	-1	-1	-1	-1	-1	-1	-1	-1	-1	-1	-1	-1	-1	-1	-1	-1	-1	-1	-1	-1	-1	-1	-1	-1	-1	-1	-1	-1	-1	-1	-1	-1	-1	-1	-1	-1	-1	-1	-1	-1	-1	-1	-1	-1	-1	-1	-1	-1	-1	-1	-1	150	-1	-1	-1	-1	-1	-1	-1	FFFFFFFF	B‰o Th’ch Th°ng L˛i		2004	1
50921002	5	9	21	2	Gemjiankang_16	1	Lam Minh Th’ch (C§p 9)		300000	2000	-1	-1	-1	-1	-1	-1	-1	-1	-1	-1	-1	-1	-1	-1	-1	-1	-1	-1	-1	-1	-1	-1	-1	-1	-1	-1	-1	-1	-1	-1	-1	-1	-1	-1	-1	-1	-1	-1	-1	-1	-1	-1	-1	-1	-1	-1	-1	-1	-1	-1	-1	-1	-1	-1	150	-1	-1	-1	-1	-1	-1	-1	-1	-1	FFFFFFFF	B‰o Th’ch Th°ng L˛i		2004	1
50921003	5	9	21	3	Gemjiankang_12	1	H∞ng Minh Th’ch (C§p 9)		300000	2000	-1	-1	-1	-1	-1	-1	-1	-1	-1	-1	-1	-1	-1	-1	-1	-1	-1	-1	-1	-1	-1	-1	-1	-1	-1	-1	-1	-1	-1	-1	-1	-1	-1	-1	-1	-1	-1	-1	-1	-1	-1	-1	-1	-1	-1	-1	-1	-1	-1	-1	-1	-1	-1	-1	-1	150	-1	-1	-1	-1	-1	-1	-1	-1	FFFFFFFF	B‰o Th’ch Th°ng L˛i		2004	1
50921004	5	9	21	4	Gemjiankang_8	1	L¯c Minh Th’ch (C§p 9)		300000	2000	-1	-1	-1	-1	-1	-1	-1	-1	-1	-1	-1	-1	-1	-1	-1	-1	-1	-1	-1	-1	-1	-1	-1	-1	-1	-1	-1	-1	-1	-1	-1	-1	-1	-1	-1	-1	-1	-1	-1	-1	-1	-1	-1	-1	-1	-1	-1	-1	-1	-1	-1	-1	-1	-1	-1	-1	-1	150	-1	-1	-1	-1	-1	-1	FFFFFFFF	B‰o Th’ch Th°ng L˛i		2004	1